46.988739 2.284202
54.514172 2.588822
54.516308 2.607208
54.398506 2.602854
47.263519 2.672933
47.092876 2.658467
54.394211 2.620486
46.983009 2.554885
46.850559 2.412950
54.370556 2.617446
47.024036 2.247265
47.196487 2.592011
47.093281 2.596123
54.507427 2.536720
47.058823 2.598362
47.171181 2.513206
47.137150 2.683312
47.099369 2.709435
54.502289 2.527745
47.032242 2.286878
54.367134 2.660503
46.890221 2.315210
47.175148 2.640035
54.395031 2.593590
47.170448 2.580538
47.076473 2.586438
47.034904 2.298965
54.579159 2.623879
46.852287 2.417841
47.033401 2.299443
47.090271 2.604719
47.172115 2.602064
46.955231 2.342678
47.013397 2.341830
54.342442 2.621312
46.844578 2.407243
47.130550 2.648369
46.968170 2.488851
47.024036 2.247265
47.131279 2.617087
54.348598 2.627473
46.898846 2.358625
47.076473 2.586438
47.193527 2.505250
46.998466 2.329507
54.346550 2.566563
47.139610 2.638789
47.015289 2.571545
54.412357 2.652698
47.133224 2.652459
54.399746 2.671957
46.955231 2.342678
46.986938 2.554581
54.504654 2.559564
46.898846 2.358625
54.505569 2.530764
47.176971 2.649316
46.887539 2.342138
54.404797 2.677838
47.156998 2.725089
54.394547 2.583899
54.502254 2.520982
46.940353 2.351929
47.156769 2.603434
54.398979 2.683466
46.981995 2.549402
46.829041 2.413929
47.261253 2.625029
54.504654 2.559564
54.372173 2.660294
47.192574 2.611580
47.175144 2.649681
46.984306 2.285125
54.556293 2.571527
47.059494 2.619447
47.033489 2.293243
47.145271 2.674637
54.363613 2.628518
54.388638 2.627864
46.996674 2.348575
54.400875 2.681525
54.514198 2.589688
54.349606 2.597508
54.561668 2.599760
54.403416 2.612611
46.829041 2.413929
46.941212 2.362595
54.363213 2.658052
54.587959 2.633476
54.352242 2.609269
54.415634 2.586876
46.934322 2.367903
54.505039 2.561446
46.996914 2.338891
54.509903 2.580390
47.174591 2.504264
54.589676 2.570908
54.394211 2.620486
46.981995 2.549402
54.578346 2.605624
54.502708 2.550065
46.983662 2.569523
46.988739 2.284202
47.073147 2.577114
47.135567 2.694499
54.513031 2.589992
54.521229 2.609912
54.521229 2.609912
47.041561 2.356120
54.372440 2.616267
46.899399 2.341246
54.513111 2.594973
47.165417 2.626651
47.176205 2.637625
54.519749 2.630213
47.169754 2.617256
54.357292 2.587737
54.425274 2.657332
54.527031 2.647936
54.558117 2.561156
54.404610 2.604721
47.056927 2.611572
54.363213 2.658052
54.578346 2.605624
46.887844 2.332269
54.316975 2.578778
54.501442 2.510377
47.220795 2.637164
47.181232 2.541323
47.125244 2.636159
54.366062 2.591317
54.366333 2.600581
54.500065 2.536698
46.983009 2.554885
54.360146 2.590903
54.511906 2.590175
54.458450 2.662137
47.039135 2.319852
54.331959 2.608621
54.574844 2.591945
47.085541 2.658386
46.976456 2.359395
46.824184 2.398716
54.372173 2.631867
54.382370 2.614582
46.910278 2.445371
47.142029 2.679935
54.346119 2.674917
54.561165 2.635895
47.030857 2.296785
54.507381 2.540176
46.898846 2.358625
54.371410 2.615656
47.258408 2.623977
54.376732 2.635822
54.412571 2.629163
54.557510 2.642040
46.852287 2.417841
47.015102 2.214663
54.521255 2.587723
47.150181 2.652855
47.041615 2.310956
47.142910 2.654388
54.342442 2.621312
47.041809 2.333441
46.958488 2.493729
47.250233 2.698599
47.091843 2.596709
54.387936 2.602542
46.991650 2.301083
47.015102 2.214663
54.403679 2.611161
47.135887 2.709950
46.991497 2.312926
47.024620 2.249453
47.263615 2.628438
46.983662 2.569523
47.045418 2.359194
46.885738 2.309320
54.548405 2.589791
46.850559 2.412950
54.396881 2.631202
54.333908 2.614777
54.345490 2.581537
46.856575 2.390945
47.032108 2.279633
46.990536 2.588216
47.091965 2.669952
54.345253 2.582863
54.398506 2.602854
54.415684 2.654383
46.900215 2.340008
54.366592 2.625996
46.887890 2.378024
47.007889 2.367315
54.344109 2.608611
54.561165 2.635895
54.553017 2.612906
54.510296 2.577778
47.176971 2.649316
54.512413 2.588945
54.381424 2.598104
54.413635 2.635010
54.373882 2.627547
46.986938 2.554581
46.960590 2.322700
54.555729 2.622728
47.181416 2.545533
46.997585 2.593655
46.898846 2.358625
54.376179 2.612907
47.142769 2.663883
54.388508 2.651196
47.073940 2.637115
46.970451 2.387863
46.981995 2.549402
47.004269 2.371892
54.414284 2.658960
54.371162 2.638755
54.337040 2.571624
54.353836 2.647116
47.256683 2.666443
47.034107 2.313116
47.025433 2.291130
46.843235 2.406337
46.979576 2.530395
46.844578 2.407243
47.005871 2.360022
54.382530 2.636188
54.416626 2.629993
47.002048 2.371013
46.893116 2.339002
54.412407 2.630049
54.521229 2.609912
46.996674 2.348575
47.172115 2.602064
54.423923 2.647451
47.175926 2.522498
54.587460 2.556526
46.892593 2.366036
47.146790 2.669351
46.983009 2.554885
54.390171 2.618938
47.033669 2.293274
54.514832 2.594357
54.387447 2.649483
46.965607 2.357820
47.165977 2.621537
46.987175 2.294169
54.414585 2.625846
54.391624 2.654468
47.033504 2.284604
47.253746 2.714686
47.176674 2.523013
47.194397 2.497263
46.963066 2.362416
54.561165 2.635895
46.820362 2.389164
47.032242 2.286878
47.098301 2.754833
46.932674 2.377300
47.007889 2.367315
54.414585 2.625846
54.589138 2.622352
47.073940 2.637115
54.427917 2.570209
47.076473 2.586438
46.900238 2.339220
54.556293 2.571527
54.416992 2.630111
46.957542 2.308403
54.415031 2.648946
54.371162 2.638755
54.376572 2.603635
54.427601 2.660696
47.193527 2.505250
46.941124 2.392119
54.414585 2.625846
47.143063 2.661721
47.056927 2.611572
46.905514 2.406395
54.509552 2.552203
46.956287 2.604095
46.907249 2.392740
54.280327 2.702676
47.032108 2.279633
47.213001 2.594417
46.997353 2.306188
54.384907 2.637443
46.966362 2.371411
54.407745 2.636241
54.586521 2.607097
46.977585 2.251384
47.265469 2.642369
54.377903 2.608594
47.264378 2.696486
54.511059 2.551709
46.959221 2.322165
46.887890 2.378024
54.376728 2.605284
47.030537 2.268794
46.856575 2.390945
54.405617 2.600811
47.024620 2.249453
47.015102 2.214663
46.989006 2.303394
47.030537 2.268794
47.107826 2.794374
46.997585 2.593655
54.414585 2.625846
47.165977 2.621537
47.041561 2.356120
54.511906 2.590175
47.030857 2.296785
46.984257 2.291511
54.356712 2.657799
54.589920 2.636190
47.148830 2.698957
46.852287 2.417841
54.578346 2.605624
47.083473 2.566891
46.968170 2.488851
47.260021 2.665859
54.387222 2.661184
47.024036 2.247265
54.516308 2.607208
47.179485 2.535093
47.032108 2.279633
54.394211 2.620486
46.899189 2.348621
47.148830 2.698957
47.258408 2.623977
47.176933 2.516187
54.450523 2.634960
47.197922 2.610390
47.032242 2.286878
54.391624 2.654468
47.018486 2.558543
54.508312 2.542671
54.423923 2.647451
47.145271 2.674637
54.373760 2.623031
46.900215 2.340008
47.065678 2.638032
47.140789 2.712111
46.978951 2.520365
54.388969 2.643416
47.034904 2.298965
54.384907 2.637443
47.264557 2.673234
46.976456 2.359395
47.033489 2.293243
47.208599 2.555207
54.512413 2.588945
46.856575 2.390945
47.041615 2.310956
54.344109 2.608611
46.967743 2.336851
47.181416 2.545533
47.073940 2.637115
47.126980 2.579869
47.039135 2.319852
54.331959 2.608621
46.898846 2.358625
46.824184 2.398716
46.886051 2.375022
46.956287 2.604095
54.504654 2.559564
46.850559 2.412950
54.561165 2.635895
54.372417 2.616929
47.141399 2.701464
54.511059 2.551709
47.142799 2.739442
54.398869 2.620420
46.994598 2.322069
47.161419 2.734747
54.366333 2.600581
46.846027 2.406070
54.425274 2.657332
54.321751 2.638571
54.396229 2.666809
54.582157 2.601711
54.511059 2.551709
54.510296 2.577778
54.376774 2.601043
54.450752 2.719648
54.414284 2.658960
46.992680 2.558429
47.181416 2.545533
54.391930 2.661747
47.024212 2.288271
46.850559 2.412950
47.123287 2.600021
47.039135 2.319852
54.521255 2.587723
46.835964 2.416802
54.396229 2.666809
47.170448 2.580538
47.176674 2.523013
47.027100 2.291937
54.348988 2.647561
46.978951 2.520365
46.906303 2.363648
47.025433 2.291130
54.512897 2.555413
54.387936 2.602542
54.561165 2.635895
47.137150 2.683312
54.409386 2.629346
54.388943 2.657072
54.371410 2.615656
47.148830 2.698957
47.010609 2.378823
54.514198 2.589688
54.512234 2.584251
47.033401 2.299443
47.030857 2.296785
54.403679 2.611161
54.587311 2.613315
47.090542 2.588506
46.888313 2.374511
46.965607 2.357820
54.376179 2.612907
54.512413 2.588945
46.959221 2.322165
47.172115 2.602064
47.030537 2.268794
47.266644 2.656692
46.922375 2.420594
54.385185 2.638365
46.874668 2.290462
46.980240 2.264831
47.133465 2.673166
47.011692 2.346448
54.376774 2.601043
47.034336 2.308836
47.036076 2.311051
54.391281 2.611676
54.384907 2.637443
54.400875 2.681525
47.170448 2.580538
47.261253 2.625029
47.039135 2.319852
47.002048 2.371013
46.968170 2.488851
47.173340 2.655050
47.090542 2.588506
54.366199 2.621807
47.258408 2.623977
54.453621 2.640777
46.897392 2.349447
47.172115 2.602064
54.415581 2.638163
47.176556 2.649067
47.162880 2.558037
54.344109 2.608611
46.980240 2.264831
54.415340 2.616563
46.826286 2.410751
46.949989 2.587556
54.412251 2.653069
54.382278 2.633967
54.514172 2.588822
54.379452 2.625379
54.377903 2.608594
47.260166 2.656749
54.513424 2.592297
54.344109 2.608611
54.450752 2.701968
46.961826 2.304043
46.978951 2.520365
46.989094 2.307385
54.582680 2.617962
46.976456 2.359395
46.908913 2.365617
46.885738 2.309320
47.173340 2.655050
54.359608 2.608217
47.260166 2.656749
54.506001 2.536788
46.983009 2.554885
54.407745 2.636241
46.922836 2.384207
46.970734 2.388850
47.091404 2.727335
47.090153 2.590998
54.388943 2.657072
54.371410 2.615656
54.352242 2.609269
54.412571 2.629163
46.911175 2.370088
54.373291 2.612911
47.266644 2.656692
54.584831 2.649292
54.449265 2.702717
47.176537 2.641751
54.403679 2.611161
54.335644 2.649403
54.589138 2.622352
54.373291 2.612911
54.352242 2.609269
54.412571 2.629163
46.949932 2.383130
46.988739 2.284202
47.039135 2.319852
46.959221 2.322165
54.405640 2.607729
54.391281 2.611676
47.035404 2.293698
47.142799 2.739442
47.045418 2.359194
47.059193 2.600197
54.427601 2.660696
46.960850 2.338960
46.904728 2.369615
47.167759 2.606576
47.033489 2.317810
46.902363 2.391294
54.511906 2.590175
54.425533 2.653164
47.171181 2.513206
47.069675 2.635292
54.366730 2.630394
46.988739 2.284202
47.091404 2.727335
47.262310 2.637606
54.371410 2.615656
47.045418 2.359194
47.046074 2.368776
46.978321 2.259761
47.181416 2.545533
54.421371 2.640867
54.413635 2.635010
54.358917 2.629950
54.382175 2.658477
54.407440 2.596833
54.509636 2.546655
54.561165 2.635895
54.508835 2.566157
47.133465 2.673166
46.887890 2.378024
54.502155 2.567506
47.024891 2.611495
54.587959 2.633476
47.030857 2.296785
54.377903 2.608594
47.263519 2.672933
54.412571 2.629163
54.517708 2.598984
46.902363 2.391294
47.245838 2.627079
47.258408 2.623977
47.041615 2.310956
54.384907 2.637443
54.510296 2.577778
47.257706 2.674040
54.511906 2.590175
47.036076 2.311051
47.150181 2.652855
47.147903 2.696860
54.510296 2.577778
46.955231 2.342678
47.029007 2.280468
54.578346 2.605624
46.941124 2.392119
46.909084 2.369729
54.371162 2.638755
47.142799 2.739442
46.991692 2.595686
47.018486 2.558543
47.088749 2.581709
54.499180 2.561562
46.959221 2.322165
46.990536 2.588216
47.040833 2.295931
54.499180 2.561562
47.145271 2.674637
46.899399 2.341246
54.552299 2.612378
54.361763 2.621645
54.384907 2.637443
54.400875 2.681525
54.373882 2.627547
47.262505 2.703338
47.264557 2.673234
46.897640 2.383589
46.983009 2.554885
54.511906 2.590175
46.898846 2.358625
47.140362 2.669124
54.412205 2.629369
54.504654 2.559564
54.403679 2.611161
46.898846 2.358625
47.133224 2.652459
54.408958 2.621369
46.983009 2.554885
54.398979 2.683466
47.041561 2.356120
54.515621 2.592561
54.375996 2.578714
46.891628 2.354408
54.398506 2.602854
47.034904 2.298965
47.260166 2.656749
54.373623 2.615632
54.329956 2.661690
54.586521 2.607097
54.373882 2.627547
54.420322 2.635184
54.578346 2.605624
46.966362 2.371411
54.507381 2.540176
47.147903 2.696860
46.893116 2.339002
54.507381 2.540176
47.041615 2.310956
46.968704 2.359933
54.412251 2.653069
47.127983 2.623193
46.889538 2.365308
47.137150 2.683312
54.501442 2.510377
47.030869 2.288568
46.893116 2.339002
47.142769 2.663883
47.018890 2.233667
47.137150 2.683312
54.561165 2.635895
46.968704 2.359933
54.513424 2.592297
46.887890 2.378024
47.265381 2.647528
46.949989 2.587556
46.900215 2.340008
54.585621 2.601366
46.885738 2.309320
54.425274 2.657332
54.413570 2.639843
47.174095 2.637660
46.887890 2.378024
47.037159 2.313987
54.502254 2.520982
54.506001 2.536788
54.415581 2.638163
46.865173 2.446395
47.264378 2.696486
46.986729 2.294973
47.039135 2.319852
46.900215 2.340008
54.511906 2.590175
54.417503 2.664811
47.037125 2.319736
54.552723 2.608598
46.907249 2.392740
54.404503 2.605379
46.990536 2.588216
47.033890 2.286606
47.033401 2.299443
54.413570 2.639843
47.013271 2.548412
47.041809 2.333441
54.423843 2.671697
54.329956 2.661690
47.038731 2.318326
46.865173 2.446395
54.513424 2.592297
47.025433 2.291130
54.385185 2.638365
54.514198 2.589688
54.371349 2.657724
46.888313 2.374511
47.196438 2.505659
46.819809 2.391476
47.031620 2.268325
54.415031 2.648946
54.415684 2.654383
54.526413 2.632603
54.413635 2.635010
46.907249 2.392740
47.260601 2.667132
54.514172 2.588822
46.990536 2.588216
54.345253 2.582863
54.555729 2.622728
54.552299 2.612378
47.159203 2.640110
54.403217 2.678599
47.123287 2.600021
46.887844 2.332269
47.264557 2.673234
54.377903 2.608594
54.415340 2.616563
54.441574 2.693582
47.002048 2.371013
47.030537 2.268794
47.073940 2.637115
47.034077 2.312607
47.170448 2.580538
47.148911 2.642251
54.429184 2.685802
47.128590 2.602621
46.892593 2.366036
46.922836 2.384207
46.898846 2.358625
47.172890 2.620430
46.983662 2.569523
47.012844 2.291432
54.412251 2.653069
47.259876 2.683521
47.031002 2.298950
46.898846 2.358625
47.033401 2.299443
54.364162 2.569003
54.391624 2.654468
54.388222 2.633715
47.250355 2.657135
46.990536 2.588216
46.983009 2.554885
47.076473 2.586438
54.408211 2.614848
54.587147 2.627628
47.145271 2.674637
46.970428 2.374047
47.033669 2.293274
47.137150 2.683312
54.585289 2.609313
46.901802 2.359853
54.552299 2.612378
47.088104 2.583118
46.996685 2.358934
47.033669 2.293274
47.018486 2.558543
54.384907 2.637443
46.850559 2.412950
46.852287 2.417841
54.421371 2.640867
46.992924 2.331179
47.167454 2.625491
54.423843 2.671697
46.965607 2.357820
54.370327 2.604332
46.852287 2.417841
54.415684 2.654383
46.991600 2.293769
54.502254 2.520982
54.514198 2.589688
47.093281 2.596123
47.035404 2.293698
46.976948 2.271698
46.995609 2.612584
47.265469 2.642369
46.900238 2.339220
47.176205 2.637625
54.407280 2.614330
54.379635 2.639851
54.409698 2.630087
54.502254 2.520982
54.352242 2.609269
47.170963 2.508188
46.936115 2.379740
47.170448 2.580538
54.408302 2.582883
47.025433 2.291130
47.148830 2.698957
47.034336 2.308836
47.073940 2.637115
54.405178 2.605927
46.898846 2.358625
54.437103 2.686828
47.208599 2.555207
54.334232 2.595543
46.942223 2.391208
46.992924 2.331179
46.850559 2.412950
47.170963 2.508188
47.016716 2.557235
54.378353 2.627184
46.908913 2.365617
47.176971 2.649316
54.375359 2.615404
54.371395 2.623116
54.512596 2.534737
46.852287 2.417841
54.350445 2.634506
47.170448 2.580538
47.073940 2.637115
47.041809 2.333441
54.371410 2.615656
54.561165 2.635895
47.034077 2.312607
47.145271 2.674637
46.898846 2.358625
54.582680 2.617962
54.589920 2.636190
47.076473 2.586438
47.043961 2.549858
54.521229 2.609912
54.585289 2.609313
46.908913 2.365617
47.135567 2.694499
47.018890 2.233667
54.353836 2.647116
47.016716 2.557235
47.172115 2.602064
54.412205 2.629369
46.994598 2.322069
54.367954 2.590489
46.852287 2.417841
47.030857 2.296785
54.527302 2.630704
47.132027 2.665911
47.165417 2.626651
46.852287 2.417841
54.423351 2.645803
54.378616 2.590781
54.385468 2.653708
47.138016 2.709663
46.820362 2.389164
47.073147 2.577114
54.388859 2.649661
46.887890 2.378024
54.398506 2.602854
54.403416 2.612611
46.899189 2.348621
46.959221 2.322165
54.416759 2.656985
47.031197 2.288957
54.352242 2.609269
46.980846 2.543412
54.414284 2.658960
46.902363 2.391294
54.506001 2.536788
47.135567 2.694499
54.376728 2.605284
54.352242 2.609269
47.031002 2.298950
54.421371 2.640867
47.056927 2.611572
47.130550 2.648369
47.030857 2.296785
47.257046 2.637102
47.030857 2.296785
46.908722 2.376904
47.168758 2.612086
47.245838 2.627079
54.356712 2.657799
54.506001 2.536788
47.031620 2.268325
54.396229 2.666809
47.170448 2.580538
54.506001 2.536788
47.024036 2.247265
54.390831 2.650973
54.378609 2.617401
54.369667 2.613771
47.024036 2.247265
54.412357 2.652698
54.412357 2.652698
47.034077 2.312607
46.820362 2.389164
47.018486 2.558543
54.415634 2.586876
47.164089 2.604002
47.031620 2.268325
54.371769 2.622372
46.908913 2.365617
47.176971 2.649316
54.403416 2.612611
47.125244 2.636159
54.400875 2.681525
54.280327 2.702676
46.976456 2.359395
54.415684 2.654383
46.916710 2.388087
54.388943 2.657072
47.264946 2.626320
54.413635 2.635010
54.513031 2.589992
47.034904 2.298965
54.141953 2.021126
54.513031 2.589992
54.502254 2.520982
54.384907 2.637443
54.354614 2.642509
54.366333 2.600581
47.033669 2.293274
47.030537 2.268794
47.033669 2.293274
54.403679 2.611161
46.996685 2.358934
54.371162 2.638755
54.370556 2.617446
47.129917 2.639515
54.370010 2.632316
47.039135 2.319852
46.891960 2.333202
47.264557 2.673234
47.135567 2.694499
46.892593 2.366036
47.033669 2.293274
47.180489 2.538621
47.137150 2.683312
47.140362 2.669124
47.069675 2.635292
47.018486 2.558543
47.018890 2.233667
54.398338 2.675164
47.170448 2.580538
54.412407 2.630049
54.141953 2.021126
46.988281 2.295103
46.850559 2.412950
46.898846 2.358625
47.034401 2.319407
46.919201 2.390629
54.361763 2.621645
46.907249 2.392740
54.415684 2.654383
54.387936 2.602542
46.898872 2.385285
54.350445 2.634506
46.936115 2.338899
47.176933 2.516187
46.887890 2.378024
54.413635 2.635010
47.170963 2.508188
47.035404 2.293698
54.365143 2.597631
54.388523 2.654383
54.516308 2.607208
54.366997 2.673395
46.990536 2.588216
47.039135 2.319852
47.092876 2.658467
54.425274 2.657332
54.513031 2.589992
54.364162 2.569003
54.522293 2.621806
47.032242 2.286878
47.030857 2.296785
47.147903 2.696860
47.073147 2.577114
46.989094 2.307385
46.983662 2.569523
54.414284 2.658960
54.507427 2.536720
47.171181 2.513206
54.450523 2.634960
46.938568 2.387223
47.265469 2.642369
54.517632 2.601583
46.958488 2.493729
47.265163 2.690760
46.978951 2.520365
46.989094 2.307385
46.899189 2.348621
46.824184 2.398716
54.581242 2.620868
47.018486 2.558543
54.376904 2.633747
46.955654 2.345219
54.414242 2.633719
54.363014 2.616690
47.145271 2.674637
54.557964 2.626220
46.919201 2.390629
47.262646 2.627446
47.018486 2.558543
54.384907 2.637443
46.959221 2.322165
54.371349 2.657724
54.507427 2.536720
46.850559 2.412950
54.373928 2.597264
46.888313 2.374511
46.925018 2.418977
54.366299 2.635550
47.141399 2.701464
54.414585 2.625846
47.035404 2.293698
54.371769 2.622372
54.384907 2.637443
47.264557 2.673234
54.418419 2.661700
54.359871 2.618232
54.415581 2.638163
46.887844 2.332269
46.986729 2.294973
54.511906 2.590175
46.961826 2.304043
47.142769 2.663883
54.502289 2.527745
54.392941 2.682260
47.258995 2.670674
47.073147 2.577114
46.959980 2.347022
54.382175 2.658477
47.168758 2.612086
47.033890 2.286606
54.338066 2.646286
54.373623 2.615632
46.988739 2.284202
54.423923 2.647451
54.366592 2.625996
47.170448 2.580538
54.414585 2.625846
54.552723 2.608598
54.502254 2.520982
47.176971 2.649316
54.333908 2.614777
54.352242 2.609269
54.589138 2.622352
47.033669 2.293274
47.102489 2.772915
54.377419 2.606230
47.170448 2.580538
54.578346 2.605624
47.090595 2.719642
47.032242 2.286878
54.415634 2.586876
54.426773 2.645772
46.852287 2.417841
54.384907 2.637443
54.280327 2.702676
47.031002 2.298950
47.174095 2.637660
54.349606 2.597508
47.090271 2.604719
47.077236 2.614512
54.517830 2.601356
54.552723 2.608598
47.002048 2.371013
46.888313 2.374511
54.502289 2.527745
46.956287 2.604095
47.025509 2.602871
47.176556 2.649067
54.517632 2.601583
54.391624 2.654468
47.167759 2.606576
54.589920 2.636190
47.016716 2.557235
46.968704 2.359933
47.125881 2.601637
46.902958 2.363605
54.416634 2.647589
54.391624 2.654468
46.889538 2.365308
47.024891 2.611495
46.988739 2.284202
47.140789 2.712111
47.034107 2.313116
54.377903 2.608594
54.413635 2.635010
46.956287 2.604095
47.165977 2.621537
46.961227 2.316076
47.162880 2.558037
46.850559 2.412950
54.400875 2.681525
54.388523 2.654383
54.414284 2.658960
54.416634 2.647589
46.963631 2.363217
54.412571 2.629163
46.888313 2.374511
47.245838 2.627079
47.142475 2.676576
47.093281 2.596123
46.899189 2.348621
47.170448 2.580538
54.394547 2.583899
47.165977 2.621537
54.371349 2.657724
54.311150 2.557075
54.394547 2.583899
54.499180 2.561562
54.425274 2.657332
54.578346 2.605624
47.208599 2.555207
54.555729 2.622728
47.257706 2.674040
47.038731 2.318326
47.146790 2.669351
47.148830 2.698957
47.258408 2.623977
46.986938 2.554581
54.502254 2.520982
47.261253 2.625029
46.970451 2.387863
54.403679 2.611161
47.265163 2.690760
54.415581 2.638163
46.883442 2.317039
54.373623 2.615632
46.986729 2.294973
54.373882 2.627547
54.354614 2.642509
46.990536 2.588216
46.874668 2.290462
47.039135 2.319852
46.986729 2.294973
54.381325 2.668205
46.966362 2.371411
54.511906 2.590175
47.170448 2.580538
54.400612 2.673699
54.391624 2.654468
54.409698 2.630087
46.978951 2.520365
46.965813 2.383944
54.578346 2.605624
46.959221 2.322165
54.381001 2.652112
47.030857 2.296785
47.265381 2.647528
47.148830 2.698957
54.415684 2.654383
46.907249 2.392740
54.524418 2.629575
46.955231 2.342678
54.415340 2.616563
46.988281 2.295103
54.589138 2.622352
46.965813 2.383944
47.041615 2.310956
54.512234 2.584251
54.581242 2.620868
54.507427 2.536720
47.265469 2.642369
54.422722 2.667757
47.018890 2.233667
54.421371 2.640867
47.249905 2.649038
47.142910 2.654388
54.338139 2.619253
46.990276 2.306129
54.342442 2.621312
46.955231 2.342678
47.264378 2.696486
46.980846 2.543412
54.414242 2.633719
54.450752 2.701968
46.850559 2.412950
54.390831 2.650973
47.173428 2.520164
54.329872 2.624986
47.142910 2.654388
54.561165 2.635895
54.510941 2.585987
54.375359 2.615404
46.968704 2.359933
54.376904 2.633747
46.990536 2.588216
47.013397 2.341830
47.194397 2.497263
47.018486 2.558543
46.980240 2.264831
47.090595 2.719642
54.381424 2.598104
47.164089 2.604002
54.379452 2.625379
54.403416 2.612611
47.257706 2.674040
46.968983 2.343480
46.991692 2.595686
47.027100 2.291937
54.388222 2.633715
54.561165 2.635895
47.147903 2.696860
46.990536 2.588216
46.990536 2.588216
47.039135 2.319852
46.966362 2.371411
54.390171 2.646925
47.164089 2.604002
54.513424 2.592297
46.949989 2.587556
54.373291 2.612911
47.171181 2.513206
46.895958 2.332569
54.342442 2.621312
47.027100 2.291937
54.449265 2.702717
47.181416 2.545533
46.947353 2.366502
46.907249 2.392740
54.370556 2.617446
46.995117 2.341697
54.450752 2.701968
54.581242 2.620868
54.553017 2.612906
54.404541 2.611305
47.034904 2.298965
46.959221 2.322165
54.365143 2.597631
54.519062 2.610199
46.887890 2.378024
47.125244 2.636159
47.034630 2.292377
46.966362 2.371411
54.370556 2.617446
47.132343 2.675773
46.992924 2.331179
54.409698 2.630087
54.403679 2.611161
54.398506 2.602854
54.333908 2.614777
54.578346 2.605624
54.449265 2.702717
54.508934 2.572737
54.517632 2.601583
54.366592 2.625996
54.511906 2.590175
47.057091 2.618311
54.400875 2.681525
54.378586 2.641869
46.946804 2.363018
47.032108 2.279633
47.034077 2.312607
46.955231 2.342678
47.143063 2.661721
54.506001 2.536788
47.041561 2.356120
46.941124 2.392119
54.415581 2.638163
54.334232 2.595543
47.041561 2.356120
54.556293 2.571527
46.909084 2.369729
47.176971 2.649316
54.415031 2.648946
54.353836 2.647116
47.130550 2.648369
54.354649 2.644194
54.415581 2.638163
54.381325 2.668205
54.368168 2.616674
46.958004 2.361901
46.850559 2.412950
47.142910 2.654388
46.995117 2.341697
47.145271 2.674637
46.824287 2.398016
54.343998 2.593705
47.034904 2.298965
46.981995 2.549402
46.995644 2.597370
54.502289 2.527745
47.176971 2.649316
54.392941 2.682260
54.373882 2.627547
54.522415 2.626802
47.167759 2.606576
54.416634 2.647589
54.395031 2.593590
54.398869 2.620420
46.874668 2.290462
54.412357 2.652698
54.352242 2.609269
47.192574 2.611580
54.382175 2.658477
54.403416 2.612611
54.414585 2.625846
46.893604 2.372758
46.887890 2.378024
46.978951 2.520365
54.589138 2.622352
54.519749 2.630213
47.034077 2.312607
54.384907 2.637443
54.512474 2.550025
47.249310 2.685342
47.145271 2.674637
47.088104 2.583118
54.514198 2.589688
46.901802 2.359853
47.088749 2.581709
46.970734 2.388850
54.512474 2.550025
54.384907 2.637443
47.181416 2.545533
47.018486 2.558543
47.266644 2.656692
47.171181 2.513206
47.139610 2.638789
46.820362 2.389164
54.423161 2.650020
46.959984 2.349020
54.517632 2.601583
54.505039 2.561446
46.954937 2.339255
54.510941 2.585987
47.170448 2.580538
47.132343 2.675773
54.353836 2.647116
47.039135 2.319852
47.040833 2.295931
54.414242 2.633719
54.415031 2.648946
47.039135 2.319852
46.955654 2.345219
47.127983 2.623193
47.073147 2.577114
54.375652 2.648335
46.990276 2.306129
47.033401 2.299443
46.902363 2.391294
54.390171 2.646925
54.387936 2.602542
54.507381 2.540176
54.378616 2.590781
54.371410 2.615656
46.892593 2.366036
47.145271 2.674637
54.364162 2.569003
46.893116 2.339002
46.988739 2.284202
47.045418 2.359194
46.850559 2.412950
46.898846 2.358625
46.884254 2.321219
54.581242 2.620868
54.384907 2.637443
54.384907 2.637443
46.996685 2.358934
47.135567 2.694499
46.976456 2.359395
54.372173 2.631867
46.998466 2.329507
47.018486 2.558543
47.036076 2.311051
46.936115 2.379740
54.517632 2.601583
54.589920 2.636190
47.007889 2.367315
46.990536 2.588216
47.250355 2.657135
47.033669 2.293274
54.510296 2.577778
47.264557 2.673234
54.578346 2.605624
46.936115 2.338899
46.966362 2.371411
54.413635 2.635010
54.398415 2.671316
54.365105 2.622652
47.164089 2.604002
54.585289 2.609313
47.170448 2.580538
46.887844 2.332269
46.990986 2.292780
54.395031 2.593590
46.887844 2.332269
54.366997 2.673395
46.898846 2.358625
54.511906 2.590175
54.510296 2.577778
54.589138 2.622352
46.990276 2.306129
47.024036 2.247265
54.369667 2.613771
47.045250 2.313611
46.922375 2.420594
47.245838 2.627079
54.502289 2.527745
47.137150 2.683312
46.979122 2.536482
54.517830 2.601356
47.174095 2.637660
47.194397 2.497263
47.030537 2.268794
46.922375 2.420594
54.366199 2.621807
54.388508 2.651196
47.012844 2.291432
46.899406 2.358853
47.249310 2.685342
54.416634 2.647589
54.504654 2.559564
54.365143 2.597631
54.504654 2.559564
46.890953 2.324193
47.010609 2.378823
54.389172 2.652221
47.164089 2.604002
46.989094 2.307385
47.039135 2.319852
54.365143 2.597631
46.878723 2.303571
46.826286 2.410751
54.502289 2.527745
46.893116 2.339002
54.396656 2.668677
46.992924 2.331179
47.013397 2.341830
46.902363 2.391294
47.163452 2.623576
54.516308 2.607208
47.135227 2.699404
54.366199 2.621807
47.002048 2.371013
47.170448 2.580538
47.123287 2.600021
47.030537 2.268794
54.387936 2.602542
54.517830 2.601356
47.073147 2.577114
47.181416 2.545533
54.385185 2.638365
46.989094 2.307385
47.164089 2.604002
54.371410 2.615656
46.958004 2.361901
54.334232 2.595543
47.169842 2.640777
47.073940 2.637115
46.979122 2.536482
54.394547 2.583899
54.561668 2.599760
47.030537 2.268794
47.129917 2.639515
54.405178 2.605927
47.261253 2.625029
54.509636 2.546655
47.034401 2.319407
46.922836 2.384207
54.421371 2.640867
47.137077 2.661714
54.366001 2.631522
47.132343 2.675773
47.056927 2.611572
47.025433 2.291130
54.377083 2.620791
54.370010 2.632316
54.378353 2.627184
47.039135 2.319852
54.403679 2.611161
54.366333 2.600581
54.511906 2.590175
54.416634 2.647589
47.174095 2.637660
47.263519 2.672933
47.245838 2.627079
47.018486 2.558543
46.892593 2.366036
47.167759 2.606576
54.414242 2.633719
46.984306 2.285125
47.172115 2.602064
54.349606 2.597508
46.850559 2.412950
47.065678 2.638032
54.368168 2.616674
47.148830 2.698957
46.826286 2.410751
47.012844 2.291432
47.143063 2.661721
54.391624 2.654468
54.403217 2.678599
54.382175 2.658477
47.140789 2.712111
46.885738 2.309320
54.502254 2.520982
47.248787 2.645460
54.400612 2.673699
54.578346 2.605624
46.887508 2.320163
54.373760 2.623031
54.450752 2.719648
47.165977 2.621537
47.176556 2.649067
47.180489 2.538621
47.034630 2.292377
47.012844 2.291432
47.142910 2.654388
54.415340 2.616563
54.372173 2.660294
46.829041 2.413929
54.345253 2.582863
54.387222 2.661184
54.422722 2.667757
46.947353 2.366502
54.553017 2.612906
47.172115 2.602064
54.520233 2.622127
54.522415 2.626802
54.422722 2.667757
54.376904 2.633747
47.033504 2.284604
47.179485 2.535093
54.521255 2.587723
47.142910 2.654388
47.135567 2.694499
46.892593 2.366036
46.978951 2.520365
54.407440 2.596833
47.139610 2.638789
54.403217 2.678599
54.513031 2.589992
54.417858 2.601895
54.450523 2.634960
47.088104 2.583118
46.988739 2.284202
47.041615 2.310956
47.033504 2.284604
46.884254 2.321219
54.379452 2.625379
46.900238 2.339220
47.073940 2.637115
47.037125 2.319736
54.522854 2.603835
46.900215 2.340008
46.988281 2.295103
47.123287 2.600021
47.002048 2.371013
47.146790 2.669351
47.037159 2.313987
46.956287 2.604095
54.412407 2.630049
46.941124 2.392119
47.015289 2.571545
54.504654 2.559564
54.561165 2.635895
47.039135 2.319852
54.405178 2.605927
46.852287 2.417841
54.371349 2.657724
54.403416 2.612611
47.056927 2.611572
54.404541 2.611305
46.874668 2.290462
47.034904 2.298965
47.030857 2.296785
46.898846 2.358625
47.002048 2.371013
47.145271 2.674637
47.030537 2.268794
54.527302 2.630704
54.524418 2.629575
54.414585 2.625846
46.850559 2.412950
54.421371 2.640867
46.959221 2.322165
54.377903 2.608594
47.142029 2.679935
46.990276 2.306129
46.878723 2.303571
54.353836 2.647116
47.170448 2.580538
47.179752 2.660758
54.415684 2.654383
47.148830 2.698957
54.585289 2.609313
47.090595 2.719642
47.093281 2.596123
54.359608 2.608217
46.941124 2.392119
47.258408 2.623977
54.376904 2.633747
46.892593 2.366036
47.091843 2.596709
46.961227 2.316076
47.245838 2.627079
47.258408 2.623977
46.988739 2.284202
54.418674 2.650998
47.261253 2.625029
47.034904 2.298965
54.412251 2.653069
47.125244 2.636159
46.995609 2.612584
47.090775 2.667234
47.176674 2.523013
54.415581 2.638163
54.388638 2.627864
54.384907 2.637443
47.039135 2.319852
47.041615 2.310956
54.415634 2.586876
47.129917 2.639515
54.502254 2.520982
54.397438 2.629446
47.258408 2.623977
54.377903 2.608594
46.949989 2.587556
46.979122 2.536482
47.140362 2.669124
47.091843 2.596709
47.123287 2.600021
54.415031 2.648946
46.901802 2.359853
54.425274 2.657332
47.028767 2.274719
46.983662 2.569523
47.170448 2.580538
46.893604 2.372758
47.035404 2.293698
54.370556 2.617446
47.142029 2.679935
47.034077 2.312607
54.356712 2.657799
46.898846 2.358625
47.025433 2.291130
54.370556 2.617446
54.512596 2.534737
54.372440 2.616267
46.965813 2.383944
54.450752 2.701968
47.039135 2.319852
47.258408 2.623977
54.561165 2.635895
54.368980 2.634788
54.370010 2.632316
54.372173 2.660294
46.979576 2.530395
47.092197 2.594738
47.041615 2.310956
47.033669 2.293274
47.170448 2.580538
47.030537 2.268794
54.422722 2.667757
47.172115 2.602064
46.992924 2.331179
47.031002 2.298950
47.027100 2.291937
54.589920 2.636190
47.265381 2.647528
46.979122 2.536482
47.147903 2.696860
46.884254 2.321219
54.521255 2.587723
47.265469 2.642369
54.521255 2.587723
47.193527 2.505250
47.264557 2.673234
54.376572 2.603635
54.395031 2.593590
54.400612 2.673699
54.512234 2.584251
54.422722 2.667757
46.990276 2.306129
46.968704 2.359933
54.382175 2.658477
54.334232 2.595543
47.041615 2.310956
46.887890 2.378024
46.911175 2.370088
47.076473 2.586438
54.370556 2.617446
54.423923 2.647451
47.073147 2.577114
54.371769 2.622372
54.371410 2.615656
54.342442 2.621312
47.090542 2.588506
46.990986 2.292780
47.171181 2.513206
47.139610 2.638789
47.126980 2.579869
54.450752 2.701968
46.978951 2.520365
54.425533 2.653164
54.371769 2.622372
54.507427 2.536720
47.025433 2.291130
47.041615 2.310956
47.180489 2.538621
47.194397 2.497263
54.584831 2.649292
54.412357 2.652698
47.123287 2.600021
47.130550 2.648369
54.370327 2.604332
46.898846 2.358625
46.989094 2.307385
47.134407 2.673782
46.956287 2.604095
47.127983 2.623193
47.007317 2.377962
47.171181 2.513206
54.516308 2.607208
46.949989 2.587556
47.147903 2.696860
54.407745 2.636241
46.990536 2.588216
54.416634 2.647589
54.521255 2.587723
47.126980 2.579869
54.423843 2.671697
54.376644 2.659769
54.418674 2.650998
47.033669 2.293274
46.852287 2.417841
47.145271 2.674637
54.343998 2.593705
54.427917 2.570209
54.517632 2.601583
54.342442 2.621312
54.413635 2.635010
47.029800 2.292875
47.065678 2.638032
54.372173 2.660294
47.030537 2.268794
54.501442 2.510377
47.145271 2.674637
47.245838 2.627079
47.150181 2.652855
54.418674 2.650998
46.850559 2.412950
54.395851 2.671023
46.898846 2.358625
54.557510 2.642040
54.415031 2.648946
54.381325 2.668205
54.506001 2.536788
47.018486 2.558543
47.034904 2.298965
47.025761 2.593496
47.164089 2.604002
54.371349 2.657724
54.370327 2.604332
46.887890 2.378024
54.384907 2.637443
54.365105 2.622652
47.018890 2.233667
54.365105 2.622652
54.422722 2.667757
47.002048 2.371013
46.898846 2.358625
47.262310 2.637606
54.400875 2.681525
54.449265 2.702717
54.394547 2.583899
46.883442 2.317039
47.058823 2.598362
46.990536 2.588216
54.412407 2.630049
47.180489 2.538621
46.898846 2.358625
54.510296 2.577778
54.505039 2.561446
47.033401 2.299443
54.404541 2.611305
46.949989 2.587556
54.417503 2.664811
54.338139 2.619253
54.412571 2.629163
46.874668 2.290462
47.090542 2.588506
46.988739 2.284202
54.345253 2.582863
54.425274 2.657332
47.007229 2.274007
54.378353 2.627184
46.907249 2.392740
47.024036 2.247265
54.556293 2.571527
54.502254 2.520982
47.125244 2.636159
47.025433 2.291130
46.893116 2.339002
54.561668 2.599760
54.437103 2.686828
54.344109 2.608611
47.193527 2.505250
54.414585 2.625846
54.421371 2.640867
54.449265 2.702717
47.125244 2.636159
54.370010 2.632316
54.578346 2.605624
47.056927 2.611572
54.561165 2.635895
54.417503 2.664811
54.376179 2.612907
54.412407 2.630049
54.415031 2.648946
54.412251 2.653069
54.502254 2.520982
54.405640 2.607729
46.850559 2.412950
54.390831 2.650973
54.387222 2.661184
54.372173 2.660294
54.387936 2.602542
54.394547 2.583899
47.180489 2.538621
54.415031 2.648946
47.141399 2.701464
47.245838 2.627079
54.367954 2.590489
46.850559 2.412950
47.147903 2.696860
54.398869 2.620420
54.584831 2.649292
47.258995 2.670674
54.504654 2.559564
46.990276 2.306129
54.368980 2.634788
54.578346 2.605624
54.414585 2.625846
47.173340 2.655050
54.415031 2.648946
46.941124 2.392119
47.090542 2.588506
54.394211 2.620486
47.041809 2.333441
47.148830 2.698957
46.893116 2.339002
47.170448 2.580538
47.147903 2.696860
46.887890 2.378024
46.986938 2.554581
47.145271 2.674637
46.984306 2.285125
47.027100 2.291937
54.412571 2.629163
46.990536 2.588216
47.027100 2.291937
54.381424 2.598104
54.400875 2.681525
54.415031 2.648946
54.370556 2.617446
46.961227 2.316076
46.983009 2.554885
54.365105 2.622652
54.553017 2.612906
54.412357 2.652698
46.922836 2.384207
54.388638 2.627864
54.582157 2.601711
47.018890 2.233667
46.885738 2.309320
54.559502 2.642744
47.258408 2.623977
54.413635 2.635010
54.413887 2.602485
54.376728 2.605284
47.170448 2.580538
47.033504 2.284604
47.031002 2.298950
46.852287 2.417841
46.850559 2.412950
47.176971 2.649316
47.073940 2.637115
54.385468 2.653708
54.368168 2.616674
54.384907 2.637443
46.955231 2.342678
54.414242 2.633719
54.387936 2.602542
54.403416 2.612611
47.167759 2.606576
47.133224 2.652459
46.956287 2.604095
47.039135 2.319852
54.413887 2.602485
54.499180 2.561562
46.888443 2.335823
46.990536 2.588216
54.414585 2.625846
54.394211 2.620486
54.413635 2.635010
54.335644 2.649403
54.395031 2.593590
54.561165 2.635895
54.398506 2.602854
46.824287 2.398016
54.371769 2.622372
54.507381 2.540176
47.146790 2.669351
46.892593 2.366036
47.015102 2.214663
54.414585 2.625846
46.992924 2.331179
47.145271 2.674637
54.373623 2.615632
46.941212 2.362595
47.250355 2.657135
54.407745 2.636241
46.878723 2.303571
47.033669 2.293274
54.359608 2.608217
47.129917 2.639515
54.415581 2.638163
47.245838 2.627079
46.878723 2.303571
46.919201 2.390629
47.148830 2.698957
54.522854 2.603835
54.343998 2.593705
47.073147 2.577114
54.412407 2.630049
54.552723 2.608598
54.385468 2.653708
47.208599 2.555207
54.388638 2.627864
54.414585 2.625846
47.170448 2.580538
54.415340 2.616563
46.850559 2.412950
47.027100 2.291937
46.966362 2.371411
46.976456 2.359395
46.826286 2.410751
54.559502 2.642744
54.415581 2.638163
54.398506 2.602854
47.123287 2.600021
47.266644 2.656692
46.941124 2.392119
46.978951 2.520365
54.367954 2.590489
47.092876 2.658467
54.371410 2.615656
54.388638 2.627864
54.449265 2.702717
54.504654 2.559564
54.585289 2.609313
54.372173 2.660294
46.893604 2.372758
54.366333 2.600581
54.502289 2.527745
47.033669 2.293274
47.172115 2.602064
46.941124 2.392119
54.527302 2.630704
46.907249 2.392740
47.140789 2.712111
54.333908 2.614777
47.030537 2.268794
54.450752 2.719648
47.170448 2.580538
54.501442 2.510377
47.033669 2.293274
54.522854 2.603835
47.002048 2.371013
47.033504 2.284604
47.034904 2.298965
46.966362 2.371411
47.092876 2.658467
47.032108 2.279633
46.883442 2.317039
46.996685 2.358934
47.164089 2.604002
54.371410 2.615656
54.376179 2.612907
47.174095 2.637660
54.516308 2.607208
54.502289 2.527745
47.127983 2.623193
47.025433 2.291130
54.373291 2.612911
54.353836 2.647116
47.033504 2.284604
47.180489 2.538621
46.824287 2.398016
47.039135 2.319852
54.370010 2.632316
54.561165 2.635895
46.990536 2.588216
47.176971 2.649316
54.343998 2.593705
46.942223 2.391208
46.922836 2.384207
54.427601 2.660696
46.956287 2.604095
54.343998 2.593705
54.561165 2.635895
54.398506 2.602854
46.887890 2.378024
54.506001 2.536788
54.415634 2.586876
54.414284 2.658960
46.829041 2.413929
54.366199 2.621807
54.561165 2.635895
54.589920 2.636190
46.874668 2.290462
54.343998 2.593705
54.392941 2.682260
46.898846 2.358625
46.959221 2.322165
47.033504 2.284604
54.370327 2.604332
54.342442 2.621312
46.980846 2.543412
46.990536 2.588216
46.856575 2.390945
47.145271 2.674637
54.517632 2.601583
54.415581 2.638163
54.385185 2.638365
54.361763 2.621645
47.250355 2.657135
54.376179 2.612907
47.125244 2.636159
