53.600636 2.190578
54.682800 2.646188
53.890053 2.501508
54.696983 2.553617
54.703938 2.635880
54.723843 2.628666
54.714184 2.610956
54.745823 2.619412
54.575127 3.444699
47.039425 3.292152
47.009853 3.247195
54.714973 2.608797
53.878052 2.510144
47.147385 3.422914
53.801426 2.394658
54.754406 2.696584
53.828232 2.387472
47.181862 3.536185
54.550568 3.461860
54.550568 3.461860
54.734520 2.609929
54.716141 2.633417
54.761303 2.675175
52.319351 2.214138
54.773243 2.595140
54.684334 2.638238
47.149734 3.504094
53.796360 2.404302
47.008713 3.333976
54.575512 3.452689
54.682678 2.581686
54.743835 2.689958
53.566971 2.205398
54.745296 2.590991
54.647270 2.676249
47.053673 3.201642
54.734009 2.647977
54.570709 3.456331
54.698505 2.563333
53.825554 2.401474
50.377815 2.169067
54.716003 2.617865
54.714184 2.610956
54.721260 2.624697
54.698597 2.616490
47.228867 3.392980
47.078819 3.494134
54.720909 2.627117
54.763443 2.674146
54.763092 2.658989
54.674995 2.598238
54.665791 2.588592
47.180561 3.534003
54.698254 2.684770
52.325180 2.223390
47.258560 3.496709
54.764378 2.682346
47.250572 3.397128
54.695251 2.633048
54.771320 2.578328
54.703472 2.558043
54.672993 2.596716
54.743835 2.689958
54.665901 2.614301
53.520687 2.211110
47.202942 3.503808
54.731239 2.595289
54.689838 2.628552
54.691269 2.613715
54.750015 2.606361
54.769356 2.595498
54.672596 2.589608
54.600815 3.442687
47.059803 3.219657
54.706734 2.633569
47.246647 3.481366
54.754532 2.610772
54.757469 2.617326
54.683926 2.606625
53.039513 2.108155
54.688705 2.623010
54.718014 2.603592
54.687408 2.613082
53.835472 2.386040
53.760250 2.451402
54.679798 2.595211
54.540585 3.471765
54.743435 2.628031
54.670959 2.641083
54.684555 2.668111
54.743435 2.628031
53.875477 2.484458
47.093372 3.182873
47.133121 3.472981
53.554432 2.223747
53.887280 2.498365
54.729496 2.582066
53.887280 2.498365
54.692932 2.601636
53.797314 2.424948
54.590820 3.438506
47.104374 3.182084
54.762783 2.689317
47.049278 3.198528
47.178326 3.407839
54.747112 2.598941
46.983200 3.340467
54.708134 2.589988
47.046722 3.339431
54.739273 2.677814
53.790787 2.434484
47.035107 3.451887
53.907257 2.452508
54.749142 2.624170
47.199493 3.396810
54.707264 2.634911
53.520687 2.211110
53.802078 2.437157
54.698833 2.641775
53.564232 2.203062
54.684319 2.701824
53.878052 2.510144
47.088238 3.194431
54.748585 2.607915
54.718388 2.512945
54.722412 2.597693
53.803459 2.399463
54.754864 2.686118
54.674938 2.663213
54.705528 2.600930
54.768848 2.597534
54.768848 2.597534
54.736294 2.631043
54.574146 3.450132
54.677013 2.655176
53.772804 2.416054
54.752041 2.601291
54.700867 2.557475
47.181862 3.536185
54.720955 2.607116
54.714199 2.669473
54.735863 2.628904
54.761303 2.675175
54.699524 2.641272
54.662037 2.686269
54.593887 3.439292
54.706474 2.554245
54.697594 2.658883
53.783710 2.429829
54.703472 2.558043
53.825546 2.413543
54.735592 2.589833
47.049206 3.334872
54.686363 2.566365
47.175606 3.484452
47.211304 3.464062
54.591900 3.452884
54.687771 2.563858
54.673603 2.667550
54.697594 2.658883
54.728619 2.608088
54.753223 2.630520
54.622402 2.732204
54.635231 3.452785
54.775196 2.570344
54.696304 2.607748
54.597755 3.452041
54.682678 2.581686
54.559158 3.460142
54.778831 2.555536
54.737915 2.619004
54.751919 2.678058
54.716320 2.600327
54.570709 3.456331
54.569626 3.451136
54.700256 2.639802
47.149734 3.504094
54.704788 2.622854
54.703938 2.635880
54.677013 2.655176
54.693573 2.635415
47.049240 3.236230
54.713448 2.605459
53.861794 2.540839
54.734547 2.609170
54.599197 3.439524
47.007137 3.474406
47.250149 3.484448
54.743435 2.628031
47.181919 3.504491
47.175064 3.447351
47.115532 3.185035
54.742954 2.602219
47.250149 3.484448
52.337364 2.273612
54.758717 2.618224
54.731693 2.684987
54.591900 3.452884
54.600029 3.449422
53.555489 2.217847
54.696671 2.622790
54.743435 2.628031
54.536705 3.467983
54.763443 2.674146
54.734749 2.592375
54.689217 2.642804
54.761303 2.675175
54.766899 2.615495
54.699524 2.641272
54.717262 2.587971
47.222858 3.449067
47.258560 3.496709
47.136299 3.501692
54.570709 3.456331
47.112045 3.526198
54.590820 3.438506
47.228867 3.392980
54.593887 3.439292
53.828232 2.387472
54.775639 2.574991
53.810310 2.425354
54.575432 3.453791
54.717255 2.628666
54.715485 2.621910
53.773674 2.446224
54.739273 2.677814
47.205902 3.405696
54.712105 2.625724
54.593887 3.439292
54.670959 2.641083
54.704315 2.618791
54.644886 2.726918
47.009853 3.247195
54.746674 2.590547
47.035755 3.189867
54.725536 2.736549
47.193779 3.445826
53.899826 2.449742
53.790752 2.410383
54.716694 2.646342
54.534973 3.475409
47.065582 3.203426
47.177189 3.534139
54.567944 3.465921
54.693176 2.564193
54.617569 3.443382
54.690998 2.656356
54.671413 2.653763
54.652245 2.617316
54.571247 3.453812
47.108089 3.189851
46.936272 3.331666
53.784950 2.451728
53.565311 2.205111
54.714844 2.594754
54.682800 2.646188
54.748772 2.692041
54.741177 2.577690
53.801853 2.405297
54.704479 2.559216
47.171169 3.497728
47.066933 3.192077
54.555130 3.462412
54.702751 2.617825
54.722572 2.593536
54.698986 2.614033
54.587189 3.455151
54.664223 2.666071
54.696667 2.565439
54.692516 2.618072
54.696667 2.565439
47.136299 3.501692
54.777580 2.656619
47.198669 3.410133
54.726868 2.540071
54.674515 2.595626
47.204918 3.532708
54.575127 3.444699
53.797085 2.414167
53.760250 2.451402
54.688705 2.623010
54.734009 2.647977
47.160233 3.477908
47.202015 3.492981
54.610168 3.424329
54.674515 2.595626
53.056469 2.100803
47.223167 3.474474
47.179070 3.490207
54.763443 2.674146
54.716888 2.625366
54.732887 2.695592
47.235550 3.496525
53.814522 2.422843
47.115532 3.185035
53.807125 2.424966
53.554005 2.227208
54.690327 2.569110
47.050339 3.392476
53.817852 2.408764
54.596004 3.453882
54.701080 2.625098
54.700256 2.639802
54.715069 2.711839
54.721851 2.631778
54.537266 3.463924
53.858570 2.470186
53.819115 2.396401
54.573448 3.449534
54.668056 2.643836
47.118755 3.184204
54.719444 2.598540
54.733585 2.627611
54.725060 2.701527
54.676300 2.685511
54.722572 2.593536
54.759418 2.633972
47.169788 3.528159
54.677013 2.655176
54.677902 2.678171
54.756489 2.558923
54.740776 2.638261
53.819115 2.396401
47.035275 3.218650
54.751919 2.678058
54.688591 2.605695
54.724274 2.582061
53.815948 2.366491
47.171379 3.548584
54.550568 3.461860
54.719383 2.618284
47.172379 3.463181
54.732452 2.603994
54.670765 2.651651
47.158897 3.510176
54.696983 2.553617
47.206524 3.501155
54.759418 2.633972
54.724869 2.614349
53.565311 2.205111
54.737000 2.581705
54.752174 2.599244
54.610168 3.424329
54.780148 2.585184
54.681305 2.581072
47.171379 3.548584
53.873566 2.425420
54.696304 2.655380
54.729248 2.585313
47.162930 3.459600
47.136299 3.501692
54.736481 2.601379
54.693573 2.635415
54.577541 3.453562
47.030533 3.208855
54.709450 2.614507
54.736858 2.595293
54.763443 2.674146
47.058140 3.384310
54.749954 2.573993
53.810310 2.425354
53.790752 2.410383
54.707935 2.630509
54.562347 3.464134
47.190617 3.448322
54.717262 2.587971
47.192265 3.490904
54.591560 3.437364
54.570709 3.456331
47.035843 3.242921
54.700409 2.623723
47.035755 3.189867
54.573448 3.449534
47.010197 3.221645
47.027611 3.265182
47.001804 3.337187
54.696667 2.565439
47.181862 3.536185
53.066715 2.102945
47.181862 3.536185
53.790752 2.410383
54.680298 2.616692
54.708237 2.556511
54.742954 2.626808
54.575432 3.453791
54.621880 3.432259
53.564232 2.203062
53.636189 2.161800
54.600815 3.442687
54.596004 3.453882
46.998550 3.354594
53.853046 2.459759
47.181862 3.536185
54.591900 3.452884
47.093372 3.182873
54.704479 2.559216
46.991722 3.218069
47.246647 3.481366
54.686363 2.566365
54.575432 3.453791
47.147385 3.422914
54.692089 2.615480
47.139629 3.433334
53.564232 2.203062
47.212673 3.501488
53.555489 2.217847
54.743435 2.628031
54.558285 3.454937
53.066715 2.102945
53.797085 2.414167
47.030533 3.208855
47.182964 3.446379
54.742901 2.589634
54.621880 3.432259
53.887119 2.514407
54.740990 2.605867
54.735977 2.592461
54.670959 2.641083
54.703182 2.620754
54.688591 2.605695
47.049240 3.236230
54.702091 2.665799
54.722878 2.601971
54.770927 2.619771
54.694790 2.626102
54.722412 2.597693
47.204319 3.490322
54.724869 2.614349
54.743435 2.628031
54.682709 2.631174
53.896648 2.467582
54.732933 2.601997
47.115532 3.185035
54.713707 2.597552
54.769356 2.595498
54.570068 3.447443
47.049206 3.334872
53.760250 2.451402
47.187302 3.492021
53.874912 2.511124
54.674938 2.663213
47.025749 3.338638
54.719444 2.598540
46.988243 3.399294
54.760902 2.626618
54.734009 2.647977
54.570709 3.456331
54.746700 2.600516
47.001804 3.337187
53.815948 2.366491
54.748585 2.607915
54.706600 2.587998
54.700256 2.639802
54.534203 3.476289
53.810310 2.425354
54.721100 2.596095
47.175606 3.484452
54.703182 2.620754
54.720341 2.594548
54.682487 2.642206
47.212582 3.387637
54.690411 2.599384
52.319351 2.214138
54.658707 2.609551
53.773674 2.446224
54.562534 3.457179
54.593887 3.439292
54.603157 3.439536
47.053673 3.201642
54.691269 2.613715
54.716694 2.646342
47.006130 3.459867
54.774460 2.565898
53.800602 2.408773
54.635231 3.452785
47.013802 3.265629
54.752396 2.604068
53.815948 2.366491
47.093372 3.182873
54.700184 2.632887
53.772804 2.416054
54.714199 2.669473
54.722027 2.555981
53.806793 2.392096
54.581005 3.448353
54.570709 3.456331
54.562534 3.457179
54.704315 2.618791
54.716003 2.617865
54.714184 2.610956
54.685837 2.624594
53.797085 2.414167
54.622402 2.732204
53.815948 2.366491
54.696785 2.563035
54.675171 2.653547
54.691315 2.648612
54.746674 2.590547
54.671772 2.663738
54.658707 2.609551
54.603302 3.445801
54.678040 2.583541
53.777645 2.407709
47.012753 3.221899
47.049206 3.334872
47.046722 3.339431
47.030533 3.208855
47.010937 3.225541
47.136299 3.501692
54.774288 2.618141
54.537266 3.463924
54.719574 2.699670
54.729248 2.585313
54.720898 2.593872
54.587795 3.446232
54.750175 2.603865
47.220360 3.393515
54.674938 2.663213
47.103817 3.185117
54.672222 2.661659
47.006130 3.459867
54.704479 2.559216
47.118755 3.184204
54.677902 2.678171
53.760250 2.451402
54.706547 2.632199
54.709942 2.586692
54.733715 2.619204
54.658413 2.607230
47.317524 3.477939
47.191574 3.498004
54.670578 2.641575
54.689022 2.575247
54.734009 2.647977
54.704788 2.622854
47.029217 3.209891
54.581398 3.446594
54.684895 2.582236
54.710678 2.627705
54.704082 2.612423
54.678406 2.589337
54.719063 2.704756
54.716694 2.646342
54.696785 2.563035
50.377815 2.169067
53.566971 2.205398
53.530956 2.195220
47.057247 3.233774
54.737671 2.618701
47.258560 3.496709
47.235550 3.496525
54.755844 2.681158
47.235550 3.496525
54.750015 2.606361
54.685925 2.644346
54.735863 2.628904
53.039276 2.117201
54.709286 2.619098
54.774460 2.565898
54.684444 2.615836
54.732887 2.695592
50.347080 2.208166
54.603794 3.431440
54.667400 2.672167
54.760822 2.598268
47.228867 3.392980
53.899826 2.449742
54.714184 2.610956
47.187302 3.492021
53.802078 2.437157
54.703472 2.629710
47.016483 3.345104
53.884510 2.410625
47.035755 3.189867
54.704479 2.559216
54.740749 2.582198
54.741978 2.576953
47.119450 3.467710
54.691818 2.570268
54.768986 2.673792
54.740219 2.609243
53.872593 2.496220
54.722572 2.593536
53.894012 2.493546
47.035194 3.315083
54.698986 2.614033
47.213112 3.527853
54.761303 2.675175
54.688705 2.623010
54.716003 2.617865
47.154884 3.495123
54.590843 3.449573
47.005745 3.231007
47.212673 3.501488
47.211304 3.464062
54.701149 2.560727
54.720478 2.613318
54.739273 2.677814
53.760250 2.451402
54.685837 2.624594
54.600815 3.442687
53.806820 2.432501
54.750427 2.694371
54.587795 3.446232
54.566223 3.464931
54.737000 2.581705
54.678699 2.656591
54.559059 3.463780
54.684319 2.701824
47.034348 3.209604
47.066933 3.192077
54.740612 2.595798
54.694790 2.626102
47.029182 3.460474
54.691738 2.611133
53.800602 2.408773
53.777645 2.407709
54.768791 2.578660
54.658707 2.609551
54.740219 2.609243
54.703472 2.558043
46.984970 3.355963
54.722572 2.593536
54.688095 2.635593
47.180561 3.534003
54.570709 3.456331
54.736294 2.631043
53.815948 2.366491
50.347080 2.208166
53.795574 2.433460
47.246647 3.481366
54.728462 2.590841
54.603302 3.445801
54.682678 2.581686
53.791473 2.441590
54.679127 2.574762
54.573448 3.449534
47.222858 3.449067
54.695251 2.633048
47.030533 3.208855
54.540314 3.474721
54.590843 3.449573
54.736691 2.619042
54.606743 3.438755
54.714844 2.594754
53.772804 2.416054
54.693176 2.564193
54.570709 3.456331
47.124195 3.174605
54.741177 2.577690
54.732452 2.603994
54.733383 2.599797
53.819115 2.396401
54.703854 2.633109
54.688705 2.623010
47.008713 3.333976
54.688450 2.622855
54.679127 2.574762
53.814522 2.422843
54.746674 2.590547
54.559059 3.463780
47.027611 3.265182
53.815506 2.382915
54.541763 3.464286
47.212673 3.501488
47.017277 3.225591
54.716003 2.617865
53.797173 2.406643
54.593887 3.439292
53.566971 2.205398
47.008713 3.333976
54.716839 2.653285
54.737671 2.618701
52.319351 2.214138
47.136299 3.501692
53.835472 2.386040
54.684956 2.649602
53.520687 2.211110
54.698833 2.641775
54.757469 2.617326
54.748585 2.607915
54.778831 2.555536
54.749142 2.624170
47.035755 3.189867
54.704315 2.618791
54.731750 2.645140
54.731167 2.590226
54.759624 2.690385
54.575127 3.444699
54.666931 2.607361
54.556889 3.464913
47.029182 3.460474
54.741177 2.577690
54.694489 2.571488
54.680298 2.616692
54.692932 2.601636
54.679382 2.582390
53.794041 2.407856
54.724678 2.533132
54.677013 2.655176
54.743435 2.628031
53.092957 2.100526
47.208626 3.489992
54.573448 3.449534
47.115532 3.185035
54.736908 2.596337
47.246647 3.481366
54.731750 2.645140
54.673496 2.642746
47.210407 3.446682
47.181862 3.536185
47.055019 3.325516
54.696785 2.563035
54.716694 2.646342
54.743435 2.628031
54.566223 3.464931
54.723343 2.613054
54.698254 2.684770
54.683537 2.635838
53.819115 2.396401
54.721851 2.631778
54.757744 2.596258
54.570709 3.456331
53.790302 2.428388
50.347080 2.208166
53.554005 2.227208
54.666931 2.607361
53.803539 2.394112
54.715069 2.711839
54.740913 2.590281
54.747345 2.594002
54.575432 3.453791
53.803967 2.382444
54.712860 2.603784
47.082645 3.190919
53.819115 2.396401
53.835472 2.386040
54.703472 2.558043
47.033012 3.255130
47.208626 3.489992
54.679127 2.574762
54.704720 2.605845
47.250149 3.484448
47.193779 3.445826
54.691738 2.611133
54.606743 3.438755
54.748741 2.636266
47.118141 3.509088
54.582012 3.450118
53.595112 2.186654
54.696671 2.622790
54.714828 2.610529
54.716888 2.625366
54.556965 3.465011
54.737053 2.617011
54.604370 3.440200
54.573448 3.449534
54.600285 3.435351
54.762177 2.604350
54.666931 2.607361
54.729496 2.582066
54.649761 2.702500
53.797173 2.406643
54.754864 2.686118
47.212673 3.501488
47.027611 3.265182
53.891010 2.481229
53.819115 2.396401
54.570709 3.456331
54.716888 2.625366
54.758717 2.618224
54.748585 2.607915
54.564259 3.448689
47.237072 3.391835
47.035843 3.242921
54.537266 3.463924
47.048782 3.193815
47.182964 3.446379
54.571209 3.462418
54.721340 2.628242
54.738815 2.692305
54.719444 2.598540
47.169788 3.528159
54.649353 2.720723
54.738674 2.578678
54.714184 2.610956
53.795574 2.433460
53.554432 2.223747
53.791473 2.441590
54.760902 2.626618
54.684219 2.568247
54.759418 2.633972
54.665245 2.642007
54.574146 3.450132
54.774288 2.618141
54.575954 3.462577
54.730556 2.607005
54.731167 2.590226
47.008755 3.351144
46.936272 3.331666
47.212994 3.399071
53.896648 2.467582
54.719574 2.699670
54.715450 2.622925
54.717682 2.611961
54.735592 2.589833
54.725773 2.601055
54.707684 2.597472
54.702091 2.665799
47.093166 3.437321
47.017929 3.345972
54.725441 2.596347
54.674786 2.606491
54.746674 2.590547
53.565311 2.205111
54.716888 2.625366
47.068344 3.382215
54.746811 2.603981
54.572407 3.449565
53.760250 2.451402
47.147385 3.422914
54.694790 2.626102
54.706188 2.553075
54.682800 2.646188
54.666054 2.653665
54.684219 2.568247
47.049240 3.236230
54.755341 2.609684
47.034939 3.347474
54.559101 3.454342
47.229687 3.501789
46.988243 3.399294
50.680614 2.219190
54.714100 2.591125
53.600636 2.190578
54.687408 2.613082
54.730782 2.612828
54.725773 2.601055
54.693604 2.623748
54.572407 3.449565
47.050339 3.392476
54.558937 3.470497
54.709026 2.617369
47.220917 3.496601
54.716839 2.653285
54.670959 2.641083
47.303413 3.486209
47.103817 3.185117
54.577999 3.446379
54.571274 3.477979
47.212673 3.501488
54.780148 2.585184
53.041870 2.101707
47.091587 3.398432
54.747730 2.593139
54.584709 3.438170
54.746197 2.623281
54.704479 2.559216
54.742901 2.589634
54.678535 2.577411
54.740990 2.605867
47.162930 3.459600
47.180561 3.534003
54.713448 2.605459
47.078819 3.494134
47.180561 3.534003
53.801853 2.405297
54.704479 2.559216
47.250149 3.484448
54.756489 2.558923
47.212994 3.399071
47.103817 3.185117
47.017277 3.225591
54.701321 2.655608
47.118755 3.184204
54.754848 2.615696
54.682678 2.581686
54.736908 2.596337
54.694790 2.626102
54.707935 2.630509
47.188122 3.525893
54.691315 2.648612
53.554005 2.227208
54.658413 2.607230
54.693604 2.623748
54.550568 3.461860
54.691315 2.648612
47.208920 3.490821
54.732807 2.580607
47.030357 3.341713
54.719383 2.618284
47.172379 3.463181
54.687771 2.563858
47.211304 3.464062
47.001804 3.337187
54.740612 2.595798
54.705528 2.600930
54.786030 2.553509
54.673279 2.676187
46.983528 3.351882
54.577999 3.446379
54.688450 2.622855
54.688705 2.623010
54.773914 2.578813
47.005745 3.231007
47.193779 3.445826
54.694489 2.571488
54.740219 2.609243
54.647270 2.676249
47.322670 3.473199
54.715485 2.621910
54.700184 2.632887
47.136299 3.501692
54.680298 2.616692
53.805954 2.403806
47.016483 3.345104
47.074097 3.214637
53.554005 2.227208
53.814522 2.422843
47.049240 3.236230
53.807663 2.375437
54.737671 2.618701
47.010197 3.221645
54.561562 3.470031
54.736237 2.575168
47.212673 3.501488
47.169788 3.528159
53.566971 2.205398
54.679798 2.595211
47.222858 3.449067
54.696304 2.655380
47.204319 3.490322
47.013580 3.350025
54.737915 2.619004
54.710991 2.602063
53.810310 2.425354
47.169788 3.528159
54.600815 3.442687
47.047932 3.213102
54.698490 2.571432
54.679798 2.595211
54.670959 2.641083
54.674370 2.656977
47.005745 3.231007
54.760193 2.603381
54.705528 2.600930
54.746700 2.600516
47.219162 3.498057
47.187302 3.492021
54.700867 2.557475
47.154884 3.495123
54.597755 3.452041
54.577541 3.453562
54.739273 2.677814
54.688591 2.605695
47.019245 3.447007
54.726944 2.629632
54.684895 2.582236
47.050339 3.392476
47.049206 3.334872
54.719574 2.699670
53.797173 2.406643
47.188122 3.525893
47.187611 3.410183
47.212673 3.501488
47.133121 3.472981
54.561310 3.454639
54.682709 2.631174
53.565311 2.205111
53.073822 2.102874
47.250572 3.397128
47.206524 3.501155
54.652245 2.617316
47.198669 3.410133
54.705528 2.600930
54.735592 2.589833
47.088238 3.194431
47.035843 3.242921
46.972729 3.251653
54.670910 2.671244
53.557571 2.226935
54.755844 2.681158
47.243126 3.483478
54.719574 2.699670
54.754848 2.615696
54.684444 2.615836
53.790302 2.428388
54.744076 2.586688
47.086720 3.199217
53.797359 2.418067
53.794041 2.407856
54.743435 2.628031
52.315750 2.251442
54.719383 2.618284
54.581005 3.448353
54.553646 3.463739
54.736294 2.631043
52.325180 2.223390
54.576042 3.436769
53.890053 2.501508
47.211304 3.464062
47.035755 3.189867
47.160233 3.477908
54.558285 3.454937
47.099865 3.485306
54.720444 2.615773
47.062225 3.311451
54.588726 3.444572
47.049328 3.207108
47.226410 3.473896
54.670959 2.641083
47.012753 3.221899
54.743835 2.689958
54.790642 2.568879
54.573448 3.449534
54.703854 2.633109
54.674515 2.595626
54.719444 2.598540
54.590820 3.438506
54.682846 2.576953
47.035843 3.242921
54.736237 2.575168
53.554005 2.227208
54.689838 2.628552
54.733536 2.599343
54.724678 2.533132
54.725189 2.600895
54.688591 2.605695
53.772804 2.416054
47.136299 3.501692
54.682800 2.646188
54.571209 3.462418
47.027611 3.265182
54.736908 2.596337
47.203808 3.492287
54.704315 2.618791
54.689022 2.575247
54.728821 2.619660
54.699524 2.641272
54.591900 3.452884
54.693573 2.635415
46.984970 3.355963
54.710678 2.627705
47.169788 3.528159
47.049294 3.453992
54.693665 2.628980
47.215721 3.525222
54.746197 2.623281
54.688591 2.605695
53.800602 2.408773
53.807125 2.424966
47.149734 3.504094
54.743835 2.689958
54.571209 3.462418
54.735863 2.628904
54.553646 3.463739
53.807663 2.375437
54.665245 2.642007
53.797173 2.406643
54.713623 2.700486
54.745823 2.619412
47.209984 3.487307
54.610168 3.424329
54.686363 2.566365
54.571209 3.462418
47.091587 3.398432
53.819115 2.396401
53.789165 2.431014
54.678699 2.656591
47.214821 3.474725
47.012753 3.221899
54.684219 2.568247
54.746811 2.603981
54.666931 2.607361
47.208920 3.490821
53.565311 2.205111
54.768791 2.578660
54.719681 2.611163
54.679127 2.574762
54.684555 2.668111
47.212582 3.387637
47.187302 3.492021
54.696304 2.607748
54.709942 2.586692
54.741177 2.577690
54.558285 3.454937
54.558285 3.454937
54.739273 2.677814
54.754608 2.602309
47.206970 3.442079
54.692089 2.615480
54.742706 2.567803
54.688705 2.623010
54.715069 2.711839
54.711811 2.624015
54.712219 2.593368
54.734234 2.612425
54.670959 2.641083
54.576042 3.436769
52.337364 2.273612
47.010197 3.221645
47.203331 3.404065
54.703854 2.633109
53.772804 2.416054
53.803967 2.382444
54.716888 2.625366
53.796360 2.404302
47.031986 3.214472
54.697277 2.611683
54.743835 2.689958
54.768986 2.673792
47.017277 3.225591
54.728798 2.683949
47.078819 3.494134
53.564232 2.203062
54.719444 2.598540
53.796360 2.404302
47.093166 3.437321
54.735863 2.628904
54.693604 2.623748
54.759846 2.559480
52.315750 2.251442
54.680298 2.616692
54.756489 2.558923
54.737000 2.581705
53.890053 2.501508
54.676300 2.685511
54.584793 3.438144
53.921627 2.445174
54.720444 2.615773
54.725773 2.601055
54.709881 2.619331
53.887119 2.514407
54.733585 2.627611
47.180561 3.534003
53.092957 2.100526
54.684334 2.638238
54.622402 2.732204
50.347080 2.208166
54.737671 2.618701
54.575432 3.453791
47.175137 3.455241
47.214821 3.474725
47.154884 3.495123
54.673279 2.676187
53.805954 2.403806
54.737671 2.618701
54.722572 2.593536
54.716888 2.625366
54.733456 2.598414
54.556965 3.465011
54.716888 2.625366
54.570068 3.447443
47.322670 3.473199
54.635231 3.452785
53.600636 2.190578
54.740913 2.590281
54.696037 2.626819
54.696671 2.622790
54.709286 2.619098
54.570068 3.447443
54.698986 2.614033
54.674938 2.663213
54.576042 3.436769
54.774288 2.618141
54.677013 2.655176
53.800602 2.408773
54.716003 2.617865
54.670765 2.651651
54.682800 2.646188
47.149734 3.504094
54.757404 2.557050
54.729580 2.586129
54.695797 2.651015
54.723911 2.726677
53.803780 2.400760
54.644886 2.726918
47.078819 3.494134
47.258560 3.496709
47.192451 3.531987
54.687771 2.563858
50.347080 2.208166
47.006130 3.459867
47.103817 3.185117
53.576687 2.202412
47.212673 3.501488
54.765026 2.672183
47.149734 3.504094
54.748585 2.607915
47.188122 3.525893
54.712860 2.603784
54.746811 2.603981
47.214821 3.474725
54.572407 3.449565
47.103939 3.173420
54.679382 2.582390
54.575432 3.453791
54.709286 2.619098
54.697277 2.611683
53.803459 2.399463
54.733456 2.598414
54.769356 2.595498
53.890045 2.482809
54.752396 2.604068
47.212994 3.399071
47.206970 3.442079
54.735592 2.589833
54.742954 2.626808
54.695797 2.651015
54.703674 2.611678
54.683498 2.585677
54.754848 2.615696
47.212673 3.501488
53.565311 2.205111
47.017277 3.225591
47.210407 3.446682
54.669437 2.674798
54.736481 2.601379
54.687771 2.563858
54.556965 3.465011
47.196522 3.487033
54.688705 2.623010
54.537266 3.463924
54.765686 2.563314
47.006130 3.459867
54.678089 2.650550
54.720478 2.613318
47.222858 3.449067
54.699524 2.641272
54.714184 2.610956
54.732452 2.603994
53.778313 2.416139
54.742184 2.565838
54.575512 3.452689
54.716888 2.625366
47.243126 3.483478
53.884510 2.410625
53.772804 2.416054
54.759846 2.559480
54.564304 3.464513
47.200916 3.456518
47.065582 3.203426
54.722878 2.601971
54.698254 2.684770
53.819115 2.396401
53.802078 2.437157
47.094818 3.435453
47.035755 3.189867
54.573448 3.449534
54.674515 2.595626
54.733585 2.627611
47.049328 3.207108
47.066933 3.192077
53.878052 2.510144
54.666931 2.607361
47.192543 3.413277
52.319351 2.214138
54.778831 2.555536
53.794041 2.407856
54.559059 3.463780
47.118755 3.184204
47.163387 3.423064
54.696671 2.622790
54.688591 2.605695
47.104374 3.182084
54.761303 2.675175
47.039425 3.292152
54.709450 2.614507
54.736691 2.619042
54.670910 2.671244
53.890171 2.495157
54.739273 2.677814
50.347080 2.208166
47.206524 3.501155
47.135563 3.495428
54.658707 2.609551
53.817852 2.408764
53.565311 2.205111
54.558285 3.454937
54.716003 2.617865
54.698597 2.616490
47.093166 3.437321
47.062225 3.311451
54.665791 2.588592
54.710991 2.602063
54.768986 2.673792
47.175606 3.484452
54.662037 2.686269
53.803459 2.399463
53.600636 2.190578
53.797173 2.406643
53.797085 2.414167
47.118755 3.184204
54.691315 2.648612
54.536236 3.476702
47.250572 3.397128
54.693275 2.625597
54.649353 2.720723
53.890053 2.501508
54.689217 2.642804
53.873333 2.506720
47.201206 3.458701
54.696671 2.622790
47.094818 3.435453
54.561310 3.454639
47.093166 3.437321
54.725624 2.536441
53.890171 2.495157
54.685925 2.644346
54.594322 3.449228
54.709450 2.614507
54.701149 2.560727
54.759418 2.633972
54.700867 2.557475
47.213112 3.527853
54.696583 2.627102
54.767685 2.626442
54.752174 2.599244
47.182087 3.407993
54.591560 3.437364
54.700256 2.639802
54.746674 2.590547
53.806793 2.392096
47.169788 3.528159
54.743435 2.628031
54.735909 2.623549
54.757469 2.617326
54.744034 2.610740
53.904240 2.466999
54.704315 2.618791
53.807358 2.389485
54.700256 2.639802
54.536236 3.476702
54.709881 2.619331
47.035755 3.189867
54.716694 2.646342
54.684319 2.701824
47.203331 3.404065
54.567944 3.465921
54.576042 3.436769
54.561310 3.454639
54.696671 2.622790
54.719574 2.699670
54.698490 2.571432
54.768791 2.578660
54.674515 2.595626
47.009853 3.247195
54.736691 2.619042
54.708374 2.631357
54.715485 2.621910
47.001804 3.337187
47.112045 3.526198
47.211304 3.464062
54.731167 2.590226
47.163387 3.423064
54.683498 2.585677
53.873333 2.506720
53.777645 2.407709
47.243126 3.483478
54.746674 2.590547
47.010937 3.225541
54.758717 2.618224
54.736691 2.619042
50.347080 2.208166
53.600636 2.190578
53.758579 2.465837
47.051926 3.332743
47.066933 3.192077
54.587795 3.446232
54.702091 2.665799
54.725086 2.600899
53.797173 2.406643
53.773872 2.445253
53.861794 2.540839
47.039425 3.292152
53.805954 2.403806
54.769356 2.595498
54.753719 2.611867
54.697594 2.658883
54.759846 2.559480
47.139629 3.433334
53.807125 2.424966
54.753941 2.635201
54.704315 2.618791
54.672222 2.661659
54.704315 2.618791
54.692932 2.601636
53.042488 2.106879
47.196522 3.487033
54.682846 2.576953
54.537266 3.463924
54.533493 3.454256
54.572407 3.449565
54.719063 2.704756
54.722878 2.601971
47.050339 3.392476
47.203331 3.404065
53.908554 2.453023
54.766899 2.615495
54.606743 3.438755
47.180561 3.534003
47.017277 3.225591
54.591560 3.437364
53.565311 2.205111
54.695251 2.633048
54.537266 3.463924
47.217503 3.443088
53.896648 2.467582
54.678040 2.583541
54.573448 3.449534
47.149734 3.504094
54.700184 2.632887
54.750534 2.586179
54.740612 2.595798
54.754848 2.615696
54.567944 3.465921
53.921627 2.445174
54.698597 2.616490
54.558937 3.470497
54.716003 2.617865
54.720486 2.580685
54.721260 2.624697
54.767685 2.626442
47.082645 3.190919
54.740219 2.609243
54.759846 2.559480
54.706734 2.633569
53.565311 2.205111
47.027611 3.265182
54.693665 2.628980
54.576042 3.436769
54.606743 3.438755
54.575432 3.453791
54.662037 2.686269
54.767685 2.626442
47.136299 3.501692
52.319351 2.214138
54.658707 2.609551
54.740219 2.609243
47.212673 3.501488
54.541763 3.464286
52.325180 2.223390
54.704082 2.612423
47.206970 3.442079
54.698490 2.571432
54.706734 2.633569
54.700256 2.639802
54.754406 2.696584
47.001804 3.337187
47.091587 3.398432
53.520687 2.211110
54.699142 2.648866
47.001804 3.337187
47.182087 3.407993
54.593887 3.439292
54.700867 2.557475
54.724686 2.603871
53.554005 2.227208
54.622402 2.732204
54.760822 2.598268
47.104374 3.182084
47.108089 3.189851
47.136299 3.501692
54.677013 2.655176
54.715069 2.711839
54.733585 2.627611
54.674938 2.663213
54.715485 2.621910
54.688705 2.623010
47.035755 3.189867
47.149734 3.504094
54.720898 2.593872
54.691269 2.613715
54.600815 3.442687
47.133121 3.472981
47.149734 3.504094
54.716694 2.646342
47.103817 3.185117
47.082645 3.190919
47.030533 3.208855
54.771980 2.550671
54.760902 2.626618
54.713707 2.597552
53.819115 2.396401
47.182087 3.407993
54.581005 3.448353
47.250572 3.397128
54.731167 2.590226
54.725086 2.600899
53.778313 2.416139
54.571274 3.477979
50.347080 2.208166
54.760902 2.626618
53.805954 2.403806
54.665245 2.642007
47.192543 3.413277
47.193779 3.445826
53.806793 2.392096
47.149734 3.504094
47.147491 3.464759
53.795662 2.438682
54.716694 2.646342
54.534973 3.475409
53.921627 2.445174
47.020348 3.331617
54.694374 2.624208
54.766899 2.615495
47.175064 3.447351
50.347080 2.208166
54.716694 2.646342
53.773872 2.445253
54.706188 2.553075
54.705528 2.600930
54.691315 2.648612
54.572407 3.449565
47.182964 3.446379
47.066933 3.192077
54.670444 2.633470
47.196381 3.486466
47.004726 3.270175
46.988243 3.399294
54.577541 3.453562
54.688591 2.605695
52.315750 2.251442
47.198669 3.410133
47.212673 3.501488
53.773674 2.446224
54.698254 2.684770
54.715069 2.711839
53.066715 2.102945
54.678089 2.650550
54.696304 2.655380
47.163387 3.423064
54.662037 2.686269
47.049240 3.236230
47.088238 3.194431
53.894012 2.493546
54.581005 3.448353
54.588726 3.444572
53.092957 2.100526
47.078819 3.494134
53.790752 2.410383
53.783710 2.429829
54.674938 2.663213
47.212994 3.399071
54.675495 2.626423
47.258560 3.496709
54.722176 2.624783
53.797173 2.406643
47.099865 3.485306
54.722412 2.597693
47.008755 3.351144
47.211304 3.464062
54.694374 2.624208
54.721100 2.596095
54.575127 3.444699
54.591900 3.452884
53.758579 2.465837
54.695251 2.633048
54.774288 2.618141
54.725269 2.576917
47.093166 3.437321
54.769356 2.595498
54.662037 2.686269
47.091587 3.398432
47.218281 3.500508
47.171169 3.497728
47.008713 3.333976
54.570709 3.456331
54.739273 2.677814
54.603794 3.431440
54.709942 2.586692
54.715069 2.711839
54.696785 2.563035
46.984970 3.355963
47.078819 3.494134
54.754608 2.602309
54.758064 2.608230
54.684444 2.615836
54.665245 2.642007
54.577999 3.446379
54.581005 3.448353
53.806820 2.432501
54.658413 2.607230
47.088238 3.194431
54.688705 2.623010
54.774288 2.618141
54.675495 2.626423
47.135563 3.495428
54.652245 2.617316
53.066715 2.102945
54.718014 2.603592
54.748772 2.692041
47.015179 3.227244
53.773674 2.446224
47.181862 3.536185
54.674786 2.606491
47.012753 3.221899
47.049240 3.236230
54.740219 2.609243
54.674938 2.663213
53.556080 2.214250
47.012753 3.221899
54.649761 2.702500
54.749954 2.573993
54.666019 2.665833
54.684319 2.701824
53.803459 2.399463
47.198669 3.410133
54.714844 2.594754
54.765026 2.672183
53.807125 2.424966
47.228867 3.392980
54.736237 2.575168
54.752174 2.599244
54.684444 2.615836
53.069878 2.117624
54.688705 2.623010
54.678699 2.656591
54.719444 2.598540
54.693604 2.623748
47.082645 3.190919
54.575432 3.453791
54.703472 2.558043
54.696304 2.655380
53.791473 2.441590
53.810310 2.425354
54.675495 2.626423
54.722176 2.624783
54.695251 2.633048
53.801853 2.405297
54.534973 3.475409
47.006130 3.459867
53.878052 2.510144
54.723038 2.586911
54.741177 2.577690
54.675495 2.626423
54.575127 3.444699
54.600815 3.442687
54.694790 2.626102
53.772804 2.416054
47.008713 3.333976
47.154884 3.495123
54.558285 3.454937
54.670910 2.671244
47.162930 3.459600
47.180561 3.534003
52.319351 2.214138
54.588726 3.444572
54.725441 2.596347
47.008713 3.333976
54.708134 2.589988
47.250572 3.397128
53.814522 2.422843
54.775196 2.570344
54.757744 2.596258
47.175606 3.484452
54.561310 3.454639
47.212673 3.501488
54.677902 2.678171
47.103817 3.185117
53.873333 2.506720
54.573448 3.449534
53.797173 2.406643
54.587795 3.446232
54.696667 2.565439
54.575512 3.452689
47.091587 3.398432
47.211304 3.464062
54.649353 2.720723
54.694790 2.626102
47.035194 3.315083
54.732452 2.603994
54.768986 2.673792
54.696800 2.628006
54.575127 3.444699
47.049278 3.198528
54.537266 3.463924
53.894012 2.493546
47.031986 3.214472
54.658413 2.607230
54.737053 2.617011
47.035194 3.315083
54.735126 2.605227
54.570068 3.447443
54.704720 2.605845
47.258560 3.496709
46.991722 3.218069
50.347080 2.208166
54.675495 2.626423
54.682678 2.581686
46.936272 3.331666
52.325180 2.223390
54.658413 2.607230
54.736237 2.575168
54.780148 2.585184
53.794041 2.407856
54.606743 3.438755
54.743435 2.628031
54.662037 2.686269
54.737915 2.619004
47.004295 3.262615
47.139629 3.433334
47.118755 3.184204
54.581005 3.448353
46.991722 3.218069
54.674786 2.606491
54.715069 2.711839
47.006130 3.459867
54.724678 2.533132
54.691315 2.648612
54.576042 3.436769
53.819115 2.396401
54.729496 2.582066
54.690327 2.569110
54.700184 2.632887
54.778831 2.555536
53.564232 2.203062
54.668056 2.643836
47.193779 3.445826
47.181862 3.536185
54.746674 2.590547
53.773872 2.445253
54.743435 2.628031
50.377815 2.169067
54.704479 2.559216
54.747345 2.594002
53.797085 2.414167
53.810310 2.425354
54.559101 3.454342
54.740749 2.582198
54.716888 2.625366
47.243126 3.483478
54.756489 2.558923
54.610168 3.424329
54.717262 2.587971
47.182964 3.446379
53.890053 2.501508
54.689217 2.642804
54.718761 2.622575
47.212994 3.399071
54.673603 2.667550
54.684021 2.626611
54.587189 3.455151
54.740219 2.609243
54.690327 2.569110
47.030357 3.341713
54.706600 2.587998
54.737915 2.619004
47.212994 3.399071
52.319351 2.214138
54.675495 2.626423
47.058140 3.384310
54.696800 2.628006
47.103817 3.185117
54.692089 2.615480
53.807125 2.424966
54.715069 2.711839
54.591560 3.437364
47.235550 3.496525
54.775639 2.574991
54.695251 2.633048
54.606743 3.438755
47.091587 3.398432
54.748741 2.636266
54.780148 2.585184
53.873333 2.506720
54.571247 3.453812
54.715069 2.711839
54.694790 2.626102
54.737915 2.619004
54.700867 2.557475
54.570709 3.456331
47.013580 3.350025
54.726624 2.594201
47.212673 3.501488
54.564259 3.448689
47.048782 3.193815
54.736481 2.601379
54.675495 2.626423
54.688705 2.623010
47.207298 3.449169
47.132828 3.474124
54.682846 2.576953
54.700867 2.557475
53.921627 2.445174
54.692932 2.601636
54.665901 2.614301
54.566223 3.464931
53.815948 2.366491
54.674938 2.663213
47.005745 3.231007
54.684219 2.568247
54.715069 2.711839
47.012753 3.221899
52.315750 2.251442
54.702579 2.651391
54.537266 3.463924
52.319351 2.214138
54.721260 2.624697
54.688591 2.605695
54.697594 2.658883
53.794041 2.407856
53.555489 2.217847
53.794041 2.407856
54.691315 2.648612
53.565311 2.205111
47.204319 3.490322
54.676300 2.685511
47.162930 3.459600
54.719574 2.699670
47.243126 3.483478
47.206970 3.442079
54.665245 2.642007
53.797173 2.406643
54.669437 2.674798
47.182964 3.446379
54.700256 2.639802
54.746674 2.590547
54.753223 2.630520
54.587795 3.446232
54.690327 2.569110
47.132828 3.474124
47.139629 3.433334
54.764378 2.682346
53.041870 2.101707
53.805954 2.403806
54.705986 2.565770
54.725536 2.736549
54.714184 2.610956
47.196522 3.487033
54.551022 3.453285
54.762783 2.689317
54.561310 3.454639
54.678535 2.577411
54.739273 2.677814
54.687771 2.563858
53.794041 2.407856
54.766899 2.615495
47.049240 3.236230
54.536236 3.476702
54.716888 2.625366
54.575432 3.453791
54.571209 3.462418
54.737915 2.619004
54.775085 2.589920
47.212673 3.501488
54.678406 2.589337
53.890053 2.501508
47.035755 3.189867
54.697594 2.658883
54.754620 2.705919
54.737671 2.618701
54.674938 2.663213
47.135563 3.495428
47.206524 3.501155
47.136299 3.501692
53.801853 2.405297
53.566971 2.205398
47.049240 3.236230
54.740219 2.609243
54.718014 2.603592
47.035755 3.189867
47.099865 3.485306
54.573448 3.449534
54.688705 2.623010
53.797173 2.406643
54.706600 2.587998
47.171169 3.497728
54.688591 2.605695
54.593887 3.439292
54.715485 2.621910
47.035755 3.189867
54.697594 2.658883
54.737000 2.581705
54.790642 2.568879
54.696667 2.565439
54.662037 2.686269
47.228867 3.392980
53.894012 2.493546
54.729496 2.582066
54.696667 2.565439
54.567944 3.465921
53.873333 2.506720
54.749142 2.624170
54.696671 2.622790
46.984970 3.355963
54.774288 2.618141
47.212994 3.399071
47.258560 3.496709
47.012753 3.221899
54.700867 2.557475
53.794041 2.407856
54.561310 3.454639
52.325180 2.223390
53.797085 2.414167
53.066715 2.102945
54.690327 2.569110
47.212994 3.399071
54.678699 2.656591
54.731750 2.645140
54.577541 3.453562
54.740990 2.605867
54.684319 2.701824
52.325180 2.223390
54.662037 2.686269
54.688705 2.623010
54.713707 2.597552
54.603794 3.431440
54.769356 2.595498
47.212994 3.399071
54.733585 2.627611
47.035755 3.189867
53.810310 2.425354
47.017277 3.225591
54.741177 2.577690
54.689552 2.565669
54.665791 2.588592
54.665245 2.642007
54.732452 2.603994
54.751919 2.678058
53.790787 2.434484
47.175606 3.484452
54.685764 2.621507
53.875477 2.484458
53.772804 2.416054
54.700409 2.623723
53.806793 2.392096
47.214821 3.474725
54.759846 2.559480
47.204319 3.490322
54.722412 2.597693
54.767685 2.626442
54.729195 2.585019
54.699524 2.641272
54.581005 3.448353
54.677902 2.678171
54.682800 2.646188
54.678699 2.656591
53.760250 2.451402
54.696667 2.565439
47.203331 3.404065
54.670959 2.641083
47.009853 3.247195
54.756489 2.558923
54.692089 2.615480
54.610168 3.424329
53.797085 2.414167
54.700184 2.632887
52.319351 2.214138
54.731239 2.595289
54.567944 3.465921
47.034939 3.347474
46.991722 3.218069
50.377815 2.169067
54.736237 2.575168
54.747345 2.594002
47.049240 3.236230
54.537266 3.463924
54.759418 2.633972
50.347080 2.208166
47.049206 3.334872
54.736481 2.601379
54.739273 2.677814
54.706600 2.587998
54.710991 2.602063
47.093166 3.437321
47.088238 3.194431
54.765026 2.672183
54.596004 3.453882
47.182964 3.446379
53.819115 2.396401
54.715069 2.711839
53.921627 2.445174
54.716694 2.646342
54.675495 2.626423
47.118755 3.184204
53.794041 2.407856
54.719681 2.611163
52.319351 2.214138
53.041870 2.101707
47.208626 3.489992
54.699524 2.641272
54.714844 2.594754
54.737671 2.618701
54.696671 2.622790
54.722176 2.624783
47.103817 3.185117
54.682800 2.646188
54.719444 2.598540
47.118755 3.184204
54.704082 2.612423
53.790787 2.434484
47.222858 3.449067
54.735592 2.589833
53.899826 2.449742
54.746674 2.590547
54.610168 3.424329
54.761303 2.675175
54.767685 2.626442
