29.541176 3.223882
25.923897 3.037303
25.973562 3.010181
25.972393 2.999328
25.959143 3.015375
25.975636 2.999860
21.561926 2.940073
25.974703 3.001498
26.023926 2.965045
25.994122 2.991762
25.993567 2.986646
25.989218 2.993916
25.984188 2.993559
30.971863 8.330850
26.016905 2.968809
26.006243 2.975146
25.934149 3.027575
25.967731 3.004278
28.201473 2.848672
29.565964 3.201648
25.943546 3.018518
25.983990 2.993393
25.969131 2.997667
30.875654 8.756954
26.010227 2.967602
26.005556 2.973544
26.014378 2.972273
30.996023 9.580943
25.926109 3.037932
25.990528 2.990629
25.956627 3.021060
25.966976 3.002723
25.974953 2.996350
25.947529 3.018476
25.980110 2.994477
25.932487 3.032074
25.947971 3.019760
25.993502 2.992495
25.963669 3.014396
25.948320 3.024988
30.763956 8.725195
26.009689 2.973462
25.949875 3.024117
25.959951 3.010148
25.949230 3.020063
25.997503 2.987920
21.573349 2.935936
25.969616 3.011475
25.940172 3.025728
25.997444 2.984726
25.994015 2.985463
25.965059 2.997859
25.979504 2.994747
21.568054 2.938473
30.750229 4.496156
25.949099 3.014329
25.991657 2.991249
25.974012 2.998417
25.968317 2.998579
25.973177 3.014594
26.009689 2.973462
25.979036 3.006786
25.955708 3.014933
25.954205 3.010459
25.974854 3.005552
25.940229 3.018384
25.987576 2.996286
25.972393 2.999477
25.962965 3.010947
25.956985 3.018929
25.939844 3.026128
25.953636 3.011245
21.697184 2.586763
25.968481 3.004320
25.931768 3.035061
25.981693 2.992123
25.992390 2.985541
25.964132 3.008477
25.965540 3.011044
25.987494 2.997673
25.925985 3.037679
25.991657 2.991249
25.960621 3.015603
17.826128 2.280596
25.956961 3.008684
25.964380 3.006806
26.000664 2.978575
25.987331 2.993155
25.946060 3.014692
25.983921 2.998115
25.966589 3.005038
25.967724 3.015476
25.947296 3.014976
31.463753 6.004562
25.951548 3.019333
25.980503 2.996861
25.976650 3.004363
25.946728 3.023027
17.812325 2.291438
25.965412 3.005919
25.970358 3.007542
25.963436 3.004648
25.945065 3.021653
30.996252 8.352479
25.978054 2.992134
25.974144 2.998449
25.925236 3.036541
29.526649 3.237777
26.006954 2.985218
21.702763 2.588825
25.954372 3.019426
25.951860 3.022856
25.976196 3.002888
25.960878 3.009098
26.009689 2.973462
25.986704 2.999632
25.950502 3.011604
17.816475 2.287156
21.542818 2.946704
25.940031 3.017349
25.972174 3.000906
25.966694 3.013237
25.968958 3.012775
25.940157 3.028833
17.842428 2.268565
21.662769 2.601587
25.933224 3.029221
26.020437 2.969690
26.006468 2.974777
25.941807 3.019598
25.958721 3.004204
33.453110 1.315384
17.813492 2.293885
25.985783 2.988131
25.969709 3.008872
25.962141 3.009845
25.973906 3.002782
25.970709 3.007540
25.962799 3.007324
25.948088 3.013995
26.000664 2.978575
25.988073 2.986749
25.963669 3.014396
25.993673 2.984470
25.960878 3.009098
25.950815 3.016496
25.973246 3.002788
25.977259 3.001587
25.949770 3.016814
25.979589 3.003834
25.939507 3.023571
25.951157 3.016801
26.004389 2.989710
26.008623 2.974311
25.973957 3.006952
25.946676 3.020050
25.973177 3.014594
25.970909 3.006632
25.986120 2.993657
25.978765 3.001826
25.987438 2.990828
25.970278 3.011909
25.964380 3.006806
25.962141 3.009845
25.948471 3.023944
25.983974 2.991442
26.008917 2.974068
25.975782 2.990637
25.983990 2.993393
25.986227 3.000715
25.956915 3.012192
25.948647 3.024714
25.978806 3.001442
25.991701 2.985483
25.930141 3.037008
25.981693 2.992123
26.003077 2.977283
25.929050 3.033302
25.980087 2.989949
25.965412 3.005919
25.968277 3.016805
25.949907 3.013320
25.960938 3.013407
25.980318 2.994074
30.997583 3.604856
25.969244 3.000439
25.974005 3.000889
26.005468 2.977703
25.982071 2.997839
25.934015 3.037818
25.970278 3.011909
26.001593 2.978053
25.923897 3.037303
26.001312 2.979041
17.862411 2.254727
25.938505 3.028577
25.977762 2.998404
25.958103 3.013586
25.948339 3.018409
25.952101 3.024083
25.969944 3.003216
30.735893 4.492815
25.950367 3.020367
25.963341 3.008998
25.973478 2.998295
25.969805 3.007092
21.535936 2.950242
25.993673 2.984470
25.956451 3.017796
25.989021 2.999546
25.935419 3.031408
26.015209 2.963649
29.559561 3.205840
25.983990 2.993393
25.974012 2.998417
25.939507 3.023571
25.973177 3.014594
26.006243 2.975146
25.947317 3.016213
25.944635 3.027270
25.993189 2.985989
30.996252 8.352479
25.961538 3.018007
28.176899 2.850297
25.944952 3.021116
25.941843 3.026368
30.810743 5.350007
25.934252 3.034848
25.943092 3.013518
25.965281 3.006405
26.008917 2.968788
25.962851 3.008346
26.008623 2.974311
25.982565 2.992476
25.971386 3.007665
25.982588 2.996244
25.975292 3.003375
21.561249 2.938599
25.987892 2.989677
25.994015 2.985463
30.974562 8.332042
25.943039 3.029340
25.962799 3.007324
25.978251 2.993662
25.975153 3.002902
25.974012 2.998417
25.974749 3.005223
25.949059 3.015326
25.949604 3.014381
20.605705 2.300741
25.930113 3.039000
25.957207 3.017409
25.947996 3.021387
25.955103 3.006735
25.934914 3.030760
25.930992 3.029447
25.970469 3.005186
21.121994 2.365211
25.966694 3.013237
25.991657 2.991249
25.961538 3.018007
26.018494 2.963185
25.978449 2.994471
26.042171 2.952213
25.994635 2.982729
25.976549 2.993471
25.925333 3.042639
26.004337 2.986083
25.964655 3.010855
25.940828 3.025266
25.988182 2.994732
25.969604 3.005819
26.006929 2.970051
18.126495 2.222504
25.984188 2.993559
25.963562 3.006146
17.848070 2.264671
25.962959 3.008534
25.960878 3.009098
25.940828 3.025266
25.972393 2.999477
17.820599 2.287157
25.946852 3.024791
25.944952 3.021116
26.014359 2.964670
21.523121 2.952077
25.962954 3.012331
25.972351 3.003529
25.952564 3.013142
25.974628 2.999427
25.922987 3.038548
25.941792 3.018939
26.004389 2.989710
28.201473 2.848672
17.876862 2.246919
30.974562 8.332042
25.955929 3.013915
26.005468 2.977703
25.962959 3.008534
25.977762 2.998404
29.812960 2.093851
25.962568 3.004949
25.945065 3.021653
25.972174 3.000906
25.946590 3.021739
25.950502 3.011604
25.980110 2.994477
25.963562 3.006146
26.000683 2.990377
25.941729 3.021274
19.257584 2.189872
25.942045 3.021965
25.980110 2.994477
25.958412 3.009863
25.974628 2.999427
25.973581 3.002027
25.988182 2.994732
25.960440 3.005344
25.970705 3.004459
25.987347 2.990729
25.958775 3.005052
25.925419 3.030274
25.994957 2.987493
25.973675 2.999948
25.946505 3.012640
25.972042 3.003428
25.995703 2.983205
25.995592 2.991398
26.004337 2.986083
25.943008 3.022298
25.956318 3.014429
30.983091 8.339515
25.973387 3.001980
25.981739 2.997442
25.965281 3.006405
25.987576 2.996286
25.961130 3.011732
25.972393 2.999477
25.987494 2.997673
25.960621 3.015603
25.972673 3.005567
25.996992 2.983072
25.998634 2.993582
25.961666 3.009557
25.923897 3.037303
25.923908 3.033242
21.536037 2.947953
25.915152 3.039867
21.697184 2.586763
25.965412 3.005919
25.977774 2.995254
25.975115 3.001701
25.955278 3.010817
25.982212 2.990292
25.944952 3.021116
25.964655 3.010855
25.965389 3.011870
25.947254 3.025769
25.985783 2.988131
25.954269 3.014245
25.952101 3.024083
25.979254 2.996560
25.961662 3.004895
25.940172 3.025728
25.976650 3.004363
25.946560 3.019126
30.898241 8.762630
25.947742 3.019578
33.469288 1.329458
25.984188 2.993559
25.951244 3.009685
25.984188 2.993559
25.960699 3.014402
17.826128 2.280596
25.983974 2.991442
25.953684 3.019744
26.002979 2.987246
25.946590 3.021739
25.996975 2.987575
28.217766 2.845939
25.947296 3.014976
25.972067 2.994410
25.951860 3.022856
25.967630 3.006366
30.971863 8.330850
25.950502 3.011604
25.934015 3.037818
25.965363 3.004597
26.009689 2.973462
25.954615 3.021989
25.963219 3.006121
25.961775 3.011051
25.986101 2.997972
25.956627 3.021060
25.977810 3.003621
25.948088 3.013995
21.566484 2.939510
25.969713 2.996967
25.968971 3.007118
25.949770 3.016814
33.481483 1.327887
24.581764 2.757953
25.955929 3.013915
25.959249 3.009155
25.934015 3.037818
25.957619 3.018744
25.956627 3.021060
25.975929 3.000049
25.958780 3.010418
25.990246 2.988667
25.958015 3.011001
25.933224 3.029221
25.979036 3.006786
25.943115 3.022091
25.946728 3.023027
25.957399 3.007302
25.933969 3.029525
25.960579 3.009385
25.959166 3.019607
25.979893 2.997973
25.963459 3.008972
25.986715 2.989274
30.971863 8.330850
25.969570 3.008115
25.961046 3.010951
25.977762 2.998404
25.955439 3.019728
25.932487 3.032074
25.962938 3.012658
25.991211 2.986366
25.947971 3.019760
25.951904 3.021430
25.936554 3.023759
25.956600 3.020480
25.975651 2.997537
21.146500 2.369731
25.997684 2.991451
25.963562 3.006146
25.968224 3.007979
25.974012 2.998417
25.953751 3.015825
25.973577 3.001945
25.976068 3.004854
25.983788 2.992001
26.009689 2.973462
25.948088 3.013995
25.971468 3.010116
25.962572 3.010001
25.970909 3.006632
17.826128 2.280596
25.974749 3.005223
25.970993 3.014728
25.984188 2.993559
25.949907 3.013320
28.219275 2.838967
26.012917 2.970005
25.980087 2.989949
25.986227 3.000715
25.967306 3.000320
25.917606 3.041239
25.958780 3.010418
25.987705 2.995162
25.957207 3.017409
25.919950 3.032714
25.923908 3.033242
25.963896 3.006829
25.970242 3.003288
26.005354 2.982548
25.954063 3.018621
25.959951 3.010148
25.999025 2.993621
25.982565 2.992476
25.970404 3.009743
25.990688 2.989374
25.955708 3.014933
25.959166 3.019607
25.952431 3.019443
20.605705 2.300741
25.949265 3.029781
25.978062 3.001306
33.459984 1.326244
25.971386 3.007665
25.988182 2.994732
24.581764 2.757953
25.970932 2.997648
25.956915 3.012192
25.971252 3.010307
25.952564 3.013142
25.969372 3.011844
25.961367 3.013715
25.977259 2.996154
21.559099 2.940676
25.955317 3.014293
25.970242 3.003288
25.972511 3.008455
17.811541 2.295979
29.534939 3.228322
26.012341 2.977881
21.572317 2.936216
25.965120 3.005654
25.949577 3.021930
25.975769 2.997265
25.947138 3.023798
25.972042 3.003428
25.992554 2.986187
25.975721 3.004614
25.965284 3.009760
25.968719 3.010508
25.993191 2.991677
25.949770 3.016814
25.947971 3.019760
25.961576 3.011686
25.962194 3.015254
25.964949 3.014296
25.967630 3.006366
25.971560 3.008798
25.944435 3.022846
21.523121 2.952077
25.968676 3.004954
33.467854 1.324720
25.974749 3.005223
25.939507 3.023571
25.970562 3.001074
25.962141 3.009845
25.981899 3.004088
25.940229 3.018384
25.959280 3.012449
25.937902 3.028473
25.956394 3.012197
25.970932 2.997648
17.842428 2.268565
25.973082 2.999599
30.971863 8.330850
25.981739 2.997442
25.992390 2.985541
21.697184 2.586763
25.970469 3.005186
25.987406 2.990453
25.964655 3.010855
18.143503 2.218062
25.970131 3.007511
25.958391 3.010400
25.960999 3.009352
25.953850 3.014354
25.942593 3.024115
25.951250 3.013417
25.940405 3.026316
25.999697 2.978194
25.956600 3.020480
25.980110 2.994477
25.969372 3.011844
25.961662 3.004895
25.953751 3.015825
25.988491 3.002942
25.964184 3.021012
25.962965 3.010947
25.951244 3.009685
25.980318 2.994074
25.952431 3.019443
25.980318 2.994074
25.971174 2.998484
25.925985 3.037679
33.459984 1.326244
25.940229 3.018384
25.948320 3.024988
26.008051 2.975754
25.970358 3.007542
25.930899 3.032175
25.976593 2.998611
25.961872 3.010391
25.974611 3.005046
25.948683 3.012818
26.011173 2.975714
25.969299 3.001364
25.940229 3.018384
25.940781 3.023029
25.968676 3.004954
21.531460 2.950637
24.530245 3.182447
25.955439 3.019728
25.979893 2.997973
25.925985 3.037679
21.509106 2.957031
25.972673 3.005567
25.985519 2.990147
25.962965 3.010947
25.956118 3.013912
25.966589 3.005038
25.947996 3.021387
25.988182 2.994732
21.568054 2.938473
25.965191 3.001532
25.970709 3.007540
30.971863 8.330850
25.976477 2.997447
25.978880 3.007027
25.976740 2.999312
25.962954 3.012331
25.992695 2.992985
25.953684 3.019744
25.989021 2.999546
25.956018 3.009227
25.973581 3.002027
25.951250 3.013417
25.950502 3.011604
25.956394 3.012197
25.962959 3.008534
25.941160 3.026536
25.940781 3.023029
25.973623 3.006140
25.975115 3.001701
21.566484 2.939510
25.962938 3.012658
25.955835 3.010332
25.943008 3.022298
30.764774 4.505848
25.978647 2.994760
25.968048 3.004001
25.960440 3.005344
25.989765 2.987084
21.130733 2.363603
25.967976 3.011003
25.949505 3.011439
26.000683 2.990377
25.954615 3.021989
25.976051 2.998760
25.946413 3.026238
25.961329 3.008784
25.948647 3.024714
28.201473 2.848672
17.838734 2.274635
25.954205 3.010459
25.955439 3.019728
25.972385 3.000303
25.977762 2.998404
25.963341 3.008998
25.958412 3.009863
25.988182 2.994732
25.950575 3.026300
25.988924 2.995705
25.956678 3.021049
25.974077 3.010461
27.610018 3.716316
25.949127 3.013860
21.087820 2.352188
25.946728 3.023027
25.954615 3.021989
25.955708 3.014933
25.968809 2.995538
17.849649 2.261737
25.942154 3.022864
25.947254 3.025769
25.974953 2.996350
25.969372 3.011844
25.968376 3.013089
25.963291 3.007557
25.958721 3.004204
25.947649 3.021077
25.991657 2.991249
25.961576 3.011686
25.981569 2.994221
25.960699 3.014402
21.573349 2.935936
28.217766 2.845939
25.991701 2.985483
25.987494 2.997673
25.983990 2.993393
25.973021 3.004165
25.943008 3.022298
26.002707 2.977334
25.963562 3.006146
30.971863 8.330850
25.947044 3.020128
25.962572 3.010001
25.952864 3.015760
21.502855 2.960513
25.999651 2.982805
25.976706 2.993474
26.004040 2.978849
21.568054 2.938473
25.925419 3.030274
25.952696 3.012923
29.559561 3.205840
25.923908 3.033242
25.981739 2.997442
25.985783 2.988131
25.949265 3.029781
30.972204 8.330935
25.940706 3.020362
25.963459 3.008972
25.992653 2.983936
17.820599 2.287157
25.925310 3.034502
25.969635 3.006047
25.923908 3.033242
25.958427 3.011646
30.810743 5.350007
30.898241 8.762630
25.961662 3.004895
25.980318 2.994074
25.960989 3.005752
25.946505 3.012640
25.975199 2.993668
25.991701 2.985483
25.949875 3.024117
25.965389 3.011870
25.958391 3.010400
25.985783 2.988131
25.952864 3.015760
25.939507 3.023571
26.000851 2.988534
25.939342 3.020846
25.963459 3.008972
25.949385 3.022403
25.956259 3.011628
25.974634 3.004021
25.970242 3.003288
25.971560 3.008798
25.979893 2.997973
25.996992 2.983072
25.950502 3.011604
25.970753 3.008491
25.941729 3.021274
25.970854 3.002428
25.962954 3.012331
25.942154 3.022864
25.926697 3.036806
25.960125 3.019462
25.958391 3.010400
25.974703 3.001498
25.954615 3.021989
26.237038 2.494802
25.973387 3.001980
25.942154 3.022864
25.954763 3.008481
25.978552 2.996911
25.947742 3.019578
26.004337 2.986083
25.970705 3.004459
25.972307 3.003368
25.975782 2.990637
26.001419 2.980700
25.978430 3.001679
25.973391 2.995150
25.970909 3.006632
25.970278 3.011909
25.962965 3.010947
25.955439 3.019728
25.982588 2.996244
30.972204 8.330935
24.592869 2.755690
25.951023 3.023279
25.940229 3.018384
25.930489 3.029197
25.944635 3.027270
26.014359 2.964670
25.948088 3.013995
25.945118 3.016752
25.988214 2.991026
25.970469 3.005186
25.941200 3.029215
25.925236 3.036541
25.983990 2.993393
25.976051 2.998760
25.970753 3.008491
25.996975 2.987575
25.974932 3.008475
25.983561 2.994775
25.959249 3.009155
25.988079 2.993789
25.993673 2.984470
25.959751 3.013349
25.975769 2.997265
25.960621 3.015603
28.217766 2.845939
25.998634 2.993582
25.939495 3.026304
25.996992 2.983072
25.953558 3.020145
25.947742 3.019578
25.985584 2.993595
25.960699 3.014402
25.993309 2.984510
25.949230 3.020063
26.004389 2.989710
25.963562 3.006146
25.955439 3.019728
25.944435 3.022846
25.947098 3.020877
28.201473 2.848672
30.735893 4.492815
25.947971 3.019760
25.934015 3.037818
25.965389 3.011870
25.961662 3.004895
30.985376 8.340804
25.973177 3.014594
25.932293 3.030083
25.943546 3.018518
25.956678 3.021049
25.962866 3.006755
25.958780 3.010418
25.973446 2.999301
25.963261 3.006960
25.944435 3.022846
25.940229 3.018384
25.955780 3.014957
25.991657 2.991249
25.961576 3.011686
25.961910 3.004066
25.974628 2.999427
26.042171 2.952213
25.993309 2.984510
25.949577 3.021930
25.980110 2.994477
25.991318 2.986551
25.965191 3.001532
25.951250 3.013417
25.992390 2.985541
25.943521 3.025667
26.006929 2.970051
25.940706 3.020362
25.982212 2.990292
25.958389 3.019922
25.993155 2.984035
25.928059 3.032309
25.993673 2.984470
25.971174 2.998484
25.915152 3.039867
25.983990 2.993393
17.860582 2.259521
21.568054 2.938473
25.955278 3.010817
25.985598 2.995438
25.959166 3.019607
25.963341 3.008998
21.568054 2.938473
25.960329 3.008295
25.950367 3.020367
26.005615 2.974885
25.972673 3.005567
25.947971 3.019760
25.957979 3.018820
25.974854 3.005552
25.959446 3.010689
25.975199 2.993668
26.019663 2.965544
25.962799 3.007324
25.945145 3.019683
25.952818 3.009091
25.959166 3.019607
25.934015 3.037818
25.968224 3.007979
25.979528 3.000860
25.975636 2.999860
25.953751 3.015825
25.982565 2.992476
25.949127 3.013860
25.972485 3.005811
25.993155 2.984035
25.934252 3.034848
26.020437 2.969690
25.951157 3.015958
25.958391 3.010400
25.987555 2.988099
25.977762 2.998404
25.969372 3.011844
25.957895 3.013546
21.572317 2.936216
25.999697 2.978194
25.954615 3.021989
26.042171 2.952213
25.989914 2.994544
25.972931 3.005203
25.945572 3.024146
30.971863 8.330850
25.980110 2.994477
28.176899 2.850297
25.926697 3.036806
25.972042 3.003428
26.012341 2.977881
25.957207 3.017409
25.960579 3.009385
25.958721 3.004204
25.981176 2.995240
25.991318 2.986551
25.983927 3.001278
25.944952 3.021116
25.950777 3.022138
25.984188 2.993559
25.965389 3.011870
25.980110 2.994477
17.811541 2.295979
25.962959 3.008534
25.979523 2.998181
25.991657 2.991249
25.976477 2.997447
30.976982 3.588718
25.955631 3.009919
20.605705 2.300741
25.979589 3.003834
25.947872 3.017207
25.982588 2.996244
25.976477 2.997447
25.976740 2.999312
25.958015 3.011001
26.000710 2.974783
25.965363 3.004597
25.972174 3.000906
25.956915 3.012192
21.548353 2.943627
25.941900 3.026637
25.949127 3.013860
25.939507 3.023571
28.217766 2.845939
25.971386 3.007665
25.957596 3.007006
26.004633 2.978856
30.976982 3.588718
25.981739 2.997442
25.934252 3.034848
25.967630 3.006366
25.984188 2.993559
25.973680 2.996160
25.976706 2.993474
25.945145 3.019683
25.957943 3.006196
25.976053 3.001258
26.014648 2.972057
25.956627 3.021060
25.941160 3.026536
25.979391 3.002782
25.941792 3.018939
25.979891 2.993945
25.955708 3.014933
25.965191 3.001532
25.975651 2.997537
25.947872 3.017207
25.930538 3.038644
25.986717 2.993318
17.876862 2.246919
25.947971 3.019760
25.945572 3.024146
25.966694 3.013237
25.947254 3.025769
25.939507 3.023571
21.682213 2.595600
25.962540 3.008223
25.958015 3.011001
25.972307 3.003368
19.257584 2.189872
25.943199 3.024872
25.943521 3.025667
25.944952 3.021116
25.950367 3.020367
25.962465 3.007729
25.961775 3.011051
26.005615 2.974885
25.957207 3.017409
25.977316 2.999562
25.941160 3.026536
25.967901 3.006516
25.963896 3.006829
26.006243 2.975146
25.942593 3.024115
25.952034 3.015405
30.352701 3.843887
25.940229 3.018384
17.820599 2.287157
25.972511 3.008455
25.974241 3.006240
25.853994 2.254160
25.939342 3.020846
25.962799 3.007324
25.962866 3.006755
25.993309 2.984510
25.987518 2.985488
25.994015 2.985463
25.990170 2.990020
25.965441 3.008963
25.991657 2.991249
26.004337 2.986083
25.993155 2.984035
25.962194 3.015254
17.862411 2.254727
25.969244 3.000439
25.963291 3.007557
25.946852 3.024791
25.949875 3.024117
26.014648 2.972057
21.684439 2.588936
25.944418 3.017869
30.985376 8.340804
25.940166 3.023237
26.002464 2.979175
25.993673 2.984470
25.966663 3.006985
25.970577 3.002851
25.956678 3.021049
25.973675 2.999948
25.963436 3.004648
25.994600 2.979826
25.939342 3.020846
17.842428 2.268565
26.009689 2.973462
25.966990 3.005751
24.536745 3.180008
25.947098 3.020877
29.574583 3.192108
25.983927 3.001278
26.014359 2.964670
25.960699 3.014402
26.001593 2.978053
25.986576 2.993829
25.955845 3.021272
25.931768 3.035061
25.976053 3.001258
25.977762 2.998404
30.763956 8.725195
25.961599 3.014039
25.983927 3.001278
25.989218 2.993916
25.949875 3.024117
25.981577 3.004319
25.961130 3.011732
25.961329 3.008784
25.974854 3.005552
25.987705 2.995162
25.966150 3.002766
25.993567 2.986646
28.201473 2.848672
25.972673 3.005567
21.526346 2.952091
17.832956 2.278955
25.947098 3.020877
25.987070 2.993456
21.119883 2.362377
25.981569 2.994221
25.925236 3.036541
25.993155 2.984035
25.963093 3.013795
25.993155 2.984035
25.971807 3.002690
25.993433 2.989138
26.006468 2.974777
25.991657 2.991249
25.960579 3.009385
25.944571 3.021925
28.217766 2.845939
26.004633 2.978856
26.012917 2.970005
25.981346 2.994173
25.986704 2.999632
25.940781 3.023029
25.963562 3.006146
25.996227 2.981830
25.931768 3.035061
25.968048 3.004001
25.943008 3.022298
25.954363 3.009861
25.961329 3.008784
25.974005 3.000889
25.996975 2.987575
25.974749 3.005223
25.951250 3.013417
21.572317 2.936216
25.976051 2.998760
25.962959 3.008534
25.963261 3.006960
25.981739 2.997442
25.959087 3.010159
25.991657 2.991249
25.963291 3.007557
25.989765 2.987084
25.977449 3.006603
25.949385 3.022403
25.964443 3.006463
25.985598 2.995438
25.963459 3.008972
25.974628 2.993704
25.974953 2.996350
25.975929 3.000049
25.943115 3.022091
25.959751 3.013349
21.559099 2.940676
25.987494 2.997673
25.981899 3.004088
25.966976 3.002723
25.949875 3.024117
25.972067 2.994410
26.004337 2.986083
25.978880 3.007027
25.993673 2.984470
25.991211 2.986366
25.954763 3.008481
25.981739 2.997442
25.968048 3.004001
25.973246 3.002788
25.962540 3.008223
25.957619 3.018744
25.954416 3.012738
25.974012 2.998417
25.933224 3.029221
25.947138 3.023798
21.568054 2.938473
25.979893 2.997973
25.950367 3.020367
25.974953 2.996350
25.930141 3.037008
25.953684 3.019744
25.968285 3.003284
25.974749 3.005223
25.943115 3.022091
25.947098 3.020877
25.965441 3.008963
25.966148 2.998871
17.860138 2.252653
25.962572 3.010001
25.972673 3.005567
25.983788 2.992001
25.968367 3.004046
26.001593 2.978053
25.988472 2.993292
25.964380 3.006806
25.969124 3.016341
26.004337 2.986083
25.960938 3.013407
25.988472 2.993292
25.951548 3.019333
25.980110 2.994477
25.969698 3.009710
25.963093 3.013795
25.974854 3.005552
25.970753 3.008491
25.986704 2.999632
29.525110 3.238971
25.957207 3.017409
30.985376 8.340804
25.949230 3.016499
26.004633 2.978856
25.976196 3.002888
25.939507 3.023571
25.976740 2.999312
25.975199 2.993668
25.949875 3.024117
25.970932 2.997648
26.001593 2.978053
25.957354 3.021073
25.982588 2.996244
28.217766 2.845939
26.002464 2.979175
25.962965 3.010947
25.980408 3.001848
25.999697 2.978194
25.941843 3.026368
25.988182 2.994732
25.994015 2.985463
21.566484 2.939510
25.981739 2.997442
25.960878 3.009098
25.943926 3.021015
21.701424 2.589228
25.991657 2.991249
25.969976 3.000896
21.725327 2.582281
30.985376 8.340804
17.885639 2.240743
25.954615 3.021989
25.969492 2.996503
25.980318 2.994074
26.031845 2.956207
25.949385 3.022403
26.002464 2.979175
25.962799 3.007324
28.201473 2.848672
25.962799 3.007324
25.956482 3.006267
25.952431 3.019443
25.944952 3.021116
25.963341 3.008998
25.945572 3.024146
25.974749 3.005223
25.989218 2.993916
25.961775 3.011051
26.031845 2.956207
25.987892 2.989677
25.949875 3.024117
26.006243 2.975146
25.973675 2.999948
26.002352 2.980559
25.957619 3.018744
25.947649 3.021077
25.999697 2.978194
25.970932 2.997648
25.949875 3.024117
25.962851 3.008346
26.001593 2.978053
21.509106 2.957031
25.962540 3.008223
25.984188 2.993559
25.991657 2.991249
30.898241 8.762630
25.952101 3.024083
25.962938 3.012658
25.940205 3.027061
21.545053 2.945477
25.955929 3.013915
25.930899 3.032175
25.974628 2.999427
21.572317 2.936216
25.993673 2.984470
25.970358 3.007542
25.949385 3.022403
26.006243 2.975146
21.559099 2.940676
25.923908 3.033242
25.963669 3.014396
25.962799 3.007324
25.969299 3.001364
25.967306 3.000320
26.008917 2.974068
25.960878 3.009098
26.016262 2.962097
25.980318 2.994074
25.966150 3.002766
21.572317 2.936216
25.960440 3.005344
25.952101 3.024083
25.960621 3.015603
25.993155 2.984035
25.958775 3.005052
25.926109 3.037932
21.697184 2.586763
25.947500 3.018371
21.697184 2.586763
25.853994 2.254160
25.954615 3.021989
25.981739 2.997442
25.970419 3.008984
25.935907 3.028187
21.545053 2.945477
25.987705 2.995162
25.965931 3.007378
25.949907 3.013320
25.957596 3.007006
25.963219 3.006121
30.974562 8.332042
25.961367 3.013715
25.992048 2.992682
27.566954 3.684237
25.969276 3.002902
25.943008 3.022298
25.991657 2.991249
17.862411 2.254727
25.966953 3.013019
25.964380 3.006806
25.974628 2.999427
25.943115 3.022091
25.983990 2.993393
25.978251 2.993662
25.959751 3.013349
17.842428 2.268565
25.941126 3.027213
25.929331 3.033915
25.974148 3.002767
26.006243 2.975146
25.987406 2.990453
25.955912 3.018848
21.536037 2.947953
25.940781 3.023029
25.993155 2.984035
25.970419 3.008984
25.987892 2.989677
26.241402 2.488099
26.006243 2.975146
29.534939 3.228322
25.946060 3.014692
25.969492 2.996503
25.926697 3.036806
25.966694 3.013237
25.980110 2.994477
25.967630 3.006366
25.974953 2.996350
25.969976 3.000896
25.958391 3.010400
25.934015 3.037818
25.985535 2.995442
25.993155 2.984035
29.782297 2.093725
25.967642 3.004493
25.940166 3.023237
25.978449 2.994471
26.005468 2.977703
26.205181 2.512278
30.810791 5.349792
25.948339 3.018409
25.925985 3.037679
25.988840 2.988271
25.971386 3.007665
25.965052 3.019485
26.005468 2.977703
25.969809 3.004966
25.925985 3.037679
25.946676 3.020050
25.958412 3.009863
25.988491 3.002942
27.610018 3.716316
25.995592 2.991398
21.568054 2.938473
25.976477 2.997447
25.957207 3.017409
25.979504 2.994747
25.970387 3.008448
28.217766 2.845939
29.574583 3.192108
25.960621 3.015603
30.997583 3.604856
25.974932 3.008475
25.933060 3.033131
25.986704 2.999632
25.960125 3.019462
25.972673 3.005567
26.008051 2.975754
25.981739 2.997442
25.969713 2.996967
25.958391 3.010400
25.998634 2.993582
25.968588 3.014817
17.826128 2.280596
25.967901 3.006516
25.991657 2.991249
25.950367 3.020367
25.931768 3.035061
25.931768 3.035061
30.722603 4.481906
25.956451 3.017796
25.959751 3.013349
25.970278 3.011909
25.954477 3.015313
25.963562 3.006146
25.973577 3.001945
25.950502 3.011604
25.974012 2.998417
25.955782 3.017581
25.987518 2.985488
25.970932 2.997648
25.979036 3.006786
21.725327 2.582281
25.939568 3.029838
25.947941 3.023321
25.974148 3.002767
26.000683 2.990377
25.954205 3.010459
25.991657 2.991249
25.957596 3.007006
25.963093 3.013795
21.725327 2.582281
25.972307 3.003368
25.951904 3.021430
25.951851 3.019383
25.957943 3.006196
25.991091 3.002774
25.971386 3.007665
25.966972 3.011873
25.961576 3.011686
25.958775 3.005052
17.842428 2.268565
25.966694 3.013237
25.947941 3.023321
25.951250 3.013417
25.960440 3.005344
25.944435 3.022846
28.217766 2.845939
26.009689 2.973462
25.992554 2.986187
25.987555 2.988099
29.534939 3.228322
25.952818 3.009091
25.985783 2.988131
25.982565 2.992476
25.965191 3.001532
25.954477 3.015313
25.934015 3.037818
25.976740 2.999312
26.008623 2.974311
25.962479 3.017907
26.014359 2.964670
21.509106 2.957031
25.925419 3.030274
25.985783 2.988131
25.973581 3.002027
25.925985 3.037679
25.972931 3.005203
25.993309 2.984510
28.217766 2.845939
25.969713 2.996967
25.986227 3.000715
25.982212 2.990292
25.966694 3.013237
26.239737 2.493483
25.970993 3.014728
25.992554 2.986187
25.959249 3.009155
21.725327 2.582281
25.957354 3.021073
25.988840 2.988271
25.957943 3.006196
25.947742 3.019578
17.842428 2.268565
26.008051 2.975754
25.976196 3.002888
25.949604 3.014381
26.004337 2.986083
25.986227 3.000715
25.963341 3.008998
25.957207 3.017409
25.955912 3.018848
25.982588 2.996244
21.121994 2.365211
25.960878 3.009098
25.967945 3.010627
28.201473 2.848672
25.967630 3.006366
25.985584 2.990275
25.959087 3.010159
25.948471 3.023944
26.005615 2.974885
25.967306 3.000320
25.959143 3.015375
25.944952 3.021116
25.974628 2.999427
25.980087 2.989949
25.948683 3.012818
25.970469 3.005186
25.984175 2.996172
29.529303 3.235076
25.945145 3.019683
25.951860 3.022856
25.983990 2.993393
25.971560 3.008798
25.959087 3.010159
25.934015 3.037818
25.940157 3.028833
25.947296 3.014976
25.944435 3.022846
25.991657 2.991249
25.956915 3.012192
25.941200 3.029215
21.702763 2.588825
25.947872 3.017207
25.988073 2.986749
26.006243 2.975146
25.949875 3.024117
25.969713 2.996967
25.989765 2.987084
25.947254 3.025769
25.969276 3.002902
25.963562 3.006146
28.217766 2.845939
17.862411 2.254727
26.019663 2.965544
25.934149 3.027575
28.217766 2.845939
25.960699 3.014402
25.953751 3.015825
25.985519 2.990147
25.983990 2.993393
25.984188 2.993559
26.002979 2.987246
25.960878 3.009098
25.979893 2.997973
25.974104 3.006512
25.943861 3.023001
25.949265 3.029781
25.980312 2.994835
25.958801 3.012155
25.934645 3.031472
25.930141 3.037008
25.960699 3.014402
25.981346 2.994173
25.925236 3.036541
26.005468 2.977703
25.974749 3.005223
25.966429 3.014805
25.947742 3.019578
25.959446 3.010689
25.989765 2.987084
25.953636 3.011245
25.940157 3.028833
25.925419 3.030274
25.953850 3.014354
25.967901 3.006516
30.898241 8.762630
25.969864 3.004946
25.960878 3.009098
25.983990 2.993393
25.966352 3.001916
25.944418 3.017869
25.986704 2.999632
25.962959 3.008534
25.930899 3.032175
25.982294 2.984628
25.950766 3.012830
25.972307 3.003368
25.972393 2.999477
25.971807 3.002690
25.961775 3.011051
25.966663 3.006985
25.982588 2.996244
25.945065 3.021653
25.957619 3.018744
25.987070 2.993456
25.925985 3.037679
25.969244 3.000439
25.966694 3.013237
21.561926 2.940073
25.947971 3.019760
17.860582 2.259521
25.974005 3.000889
25.946676 3.020050
25.957619 3.018744
26.031845 2.956207
25.944435 3.022846
25.965298 3.007677
28.217766 2.845939
25.974012 2.998417
25.934015 3.037818
25.944435 3.022846
25.944435 3.022846
25.970387 3.008448
25.996975 2.987575
25.957207 3.017409
25.974628 2.999427
25.940229 3.018384
26.008520 2.977410
25.999651 2.982805
25.966953 3.013019
25.944952 3.021116
25.931768 3.035061
25.960878 3.009098
25.963562 3.006146
26.006954 2.985218
26.005468 2.977703
17.842428 2.268565
26.004389 2.989710
25.944635 3.027270
25.967630 3.006366
25.970705 3.004459
25.929331 3.033915
25.962938 3.012658
25.948471 3.023944
25.985584 2.993595
25.955912 3.018848
25.949127 3.013860
25.979254 2.996560
25.955780 3.014957
25.956600 3.020480
25.969299 3.001364
25.967642 3.004493
25.931768 3.035061
25.974749 3.005223
25.959951 3.010148
25.939507 3.023571
24.581764 2.757953
25.961538 3.018007
25.958391 3.010400
25.970638 3.011618
25.986704 2.999632
25.958591 3.005714
20.605705 2.300741
25.991657 2.991249
25.950502 3.011604
17.842428 2.268565
25.961910 3.004066
25.973478 2.998295
25.985535 2.995442
25.991657 2.991249
25.949156 3.015502
26.005468 2.977703
25.943521 3.025667
25.972393 2.999477
25.956915 3.012192
25.967630 3.006366
25.958721 3.004204
25.966589 3.005038
25.971386 3.007665
26.009689 2.973462
28.201473 2.848672
25.992390 2.985541
25.986704 2.999632
25.961775 3.011051
25.992390 2.985541
25.981346 2.994173
25.968367 3.004046
25.979589 3.003834
26.247608 2.492817
25.966036 3.014481
25.966663 3.006985
25.965363 3.004597
28.201473 2.848672
25.939507 3.023571
25.941843 3.026368
25.992048 2.992682
25.987070 2.993456
26.000851 2.988534
25.951860 3.022856
30.985376 8.340804
25.943199 3.024872
21.572317 2.936216
25.965540 3.011044
25.986227 3.000715
25.974148 3.002767
26.008917 2.974068
25.959087 3.010159
25.957596 3.007006
25.993673 2.984470
25.981739 2.997442
25.957596 3.007006
28.217766 2.845939
25.981346 2.994173
25.985584 2.993595
25.982212 2.990292
25.989914 2.994544
25.982588 2.996244
21.572317 2.936216
25.943008 3.022298
30.776695 8.734641
29.541176 3.223882
25.986715 2.989274
25.975199 2.993668
28.201473 2.848672
17.826128 2.280596
25.940229 3.018384
25.961775 3.011051
25.987070 2.993456
25.969492 2.996503
25.946676 3.020050
21.146500 2.369731
25.955780 3.014957
25.939507 3.023571
25.969805 3.007092
25.950367 3.020367
25.971930 2.996609
25.965441 3.008963
25.947742 3.019578
25.961872 3.010391
25.946060 3.014692
25.980110 2.994477
25.986227 3.000715
25.973246 3.002788
25.986101 2.997972
26.002979 2.987246
20.605705 2.300741
25.941126 3.027213
25.962959 3.008534
25.981569 2.994221
25.961538 3.018007
25.956600 3.020480
25.981569 2.994221
25.944418 3.017869
21.509106 2.957031
25.969244 3.000439
25.940229 3.018384
25.939844 3.026128
28.201473 2.848672
29.782297 2.093725
25.965441 3.008963
25.980110 2.994477
26.004337 2.986083
25.981346 2.994173
25.959166 3.019607
27.610018 3.716316
25.939507 3.023571
25.949875 3.024117
25.969713 2.996967
25.960699 3.014402
25.988472 2.993292
25.965412 3.005919
33.488625 1.348409
25.963093 3.013795
26.006243 2.975146
25.944435 3.022846
25.985584 2.990275
25.948471 3.023944
26.014648 2.972057
25.947529 3.018476
25.947296 3.014976
25.930141 3.037008
21.531460 2.950637
25.944635 3.027270
29.782297 2.093725
25.947742 3.019578
25.964655 3.010855
25.970577 3.002851
26.002979 2.987246
25.958265 3.007115
17.848070 2.264671
33.453110 1.315384
25.965441 3.008963
25.985783 2.988131
25.986704 2.999632
25.972511 3.008455
25.987494 2.997673
26.042171 2.952213
25.959166 3.019607
25.974953 2.996350
25.996975 2.987575
25.983788 2.992001
17.862411 2.254727
25.961130 3.011732
26.008623 2.974311
25.958103 3.013586
25.941729 3.021274
25.950502 3.011604
25.981739 2.997442
25.945145 3.019683
25.965363 3.004597
25.972511 3.008455
25.973246 3.002788
25.961134 3.009528
25.970993 3.014728
25.968224 3.007979
25.966663 3.006985
24.581764 2.757953
26.005615 2.974885
25.991657 2.991249
25.992554 2.986187
25.972931 3.005203
33.459984 1.326244
25.943008 3.022298
25.970753 3.008491
25.987576 2.996286
25.968367 3.004046
26.005615 2.974885
25.965059 2.997859
25.970242 3.003288
25.934015 3.037818
25.991318 2.986551
21.536037 2.947953
25.974628 2.999427
25.974854 3.005552
25.976196 3.002888
25.933060 3.033131
25.963341 3.008998
28.217766 2.845939
17.876862 2.246919
28.217766 2.845939
17.816475 2.287156
25.946505 3.012640
25.970562 3.001074
25.946270 3.023958
25.954063 3.018621
26.006243 2.975146
25.983927 3.001278
25.972042 3.003428
25.992390 2.985541
25.947941 3.023321
25.915152 3.039867
28.217766 2.845939
25.955708 3.014933
25.939507 3.023571
25.953741 3.020245
25.966663 3.006985
21.561249 2.938599
21.526346 2.952091
25.971930 2.996609
25.950502 3.011604
26.008917 2.974068
25.973246 3.002788
25.986227 3.000715
26.004337 2.986083
21.573349 2.935936
25.951023 3.023279
21.146500 2.369731
25.962959 3.008534
25.968367 3.004046
25.948683 3.012818
25.947971 3.019760
25.959087 3.010159
25.962965 3.010947
26.006243 2.975146
25.976593 2.998611
25.968048 3.004001
17.812325 2.291438
25.943521 3.025667
21.572317 2.936216
25.948647 3.024714
25.948647 3.024714
30.971863 8.330850
25.960125 3.019462
25.982565 2.992476
17.862411 2.254727
25.984188 2.993559
25.987576 2.996286
25.930141 3.037008
25.986715 2.989274
25.959249 3.009155
25.979254 2.996560
25.994015 2.985463
25.931768 3.035061
20.605705 2.300741
25.974104 3.006512
25.956451 3.017796
30.722603 4.481906
26.001593 2.978053
25.969713 2.996967
25.962938 3.012658
25.944435 3.022846
25.925419 3.030274
30.898241 8.762630
25.940819 3.017391
25.960699 3.014402
28.217766 2.845939
25.925419 3.030274
25.979254 2.996560
25.969713 2.996967
25.955929 3.013915
25.986227 3.000715
25.955523 3.012466
25.957619 3.018744
25.960125 3.019462
26.009689 2.973462
26.002979 2.987246
30.722603 4.481906
21.566484 2.939510
25.993155 2.984035
25.940781 3.023029
25.955912 3.018848
33.469288 1.329458
25.968971 3.007118
21.559099 2.940676
26.006243 2.975146
25.931768 3.035061
25.947296 3.014976
25.947996 3.021387
25.982212 2.990292
21.573349 2.935936
25.958391 3.010400
25.970993 3.014728
26.006243 2.975146
31.460621 6.007965
25.991091 3.002774
17.862411 2.254727
25.961775 3.011051
25.949230 3.020063
25.944435 3.022846
25.954615 3.021989
30.996023 9.580943
25.958015 3.011001
25.976477 2.997447
25.951904 3.021430
25.989765 2.987084
25.986101 2.997972
25.987331 2.993155
25.955780 3.014957
25.994635 2.982729
25.972174 3.000906
21.548353 2.943627
25.947971 3.019760
25.946060 3.014692
25.963436 3.004648
25.970577 3.002851
25.961538 3.018007
25.953751 3.015825
25.925985 3.037679
26.012341 2.977881
28.217766 2.845939
26.006954 2.985218
25.962799 3.007324
25.960440 3.005344
17.826128 2.280596
25.974953 2.996350
25.951250 3.013417
25.976593 2.998611
25.957399 3.007302
25.974749 3.005223
25.996975 2.987575
25.977449 3.006603
25.957207 3.017409
25.962465 3.007729
25.981569 2.994221
25.979254 2.996560
25.987406 2.990453
25.933060 3.033131
25.961775 3.011051
25.972174 3.000906
25.946852 3.024791
26.008623 2.974311
30.898241 8.762630
25.963669 3.014396
25.966352 3.001916
24.581764 2.757953
25.982588 2.996244
25.957943 3.006196
25.950502 3.011604
25.981569 2.994221
25.966352 3.001916
25.982588 2.996244
25.993673 2.984470
25.973177 3.014594
25.975199 2.993668
28.217766 2.845939
25.991657 2.991249
25.952696 3.012923
25.947971 3.019760
21.725327 2.582281
25.962965 3.010947
25.963341 3.008998
25.974749 3.005223
25.939507 3.023571
25.943861 3.023001
25.969713 2.996967
26.008623 2.974311
25.957399 3.007302
25.950815 3.016496
25.930141 3.037008
25.972673 3.005567
25.940781 3.023029
25.965441 3.008963
25.949577 3.021930
25.925236 3.036541
25.979523 2.998181
17.862411 2.254727
25.981739 2.997442
25.922987 3.038548
25.958265 3.007115
21.523121 2.952077
26.012341 2.977881
25.949875 3.024117
26.003077 2.977283
25.958721 3.004204
27.610018 3.716316
25.970577 3.002851
25.982588 2.996244
30.722603 4.481906
25.945572 3.024146
28.176899 2.850297
25.961576 3.011686
25.947529 3.018476
25.974241 3.006240
25.986704 2.999632
26.031845 2.956207
21.572317 2.936216
25.944435 3.022846
25.985535 2.995442
25.974628 2.999427
25.981577 3.004319
25.972673 3.005567
25.952864 3.015760
25.939507 3.023571
25.972067 2.994410
25.976196 3.002888
25.966663 3.006985
25.949099 3.014329
25.968048 3.004001
25.950502 3.011604
25.946505 3.012640
25.974854 3.005552
25.959087 3.010159
25.959249 3.009155
25.962938 3.012658
25.965412 3.005919
25.953684 3.019744
21.531460 2.950637
26.016905 2.968809
25.940031 3.017349
21.536037 2.947953
25.987892 2.989677
25.976706 2.993474
25.959087 3.010159
25.976477 2.997447
25.955835 3.010332
25.984188 2.993559
25.970577 3.002851
25.978765 3.001826
25.974628 2.999427
17.860582 2.259521
25.974749 3.005223
26.009689 2.973462
26.008520 2.977410
17.842428 2.268565
25.944952 3.021116
25.966694 3.013237
25.963341 3.008998
25.986717 2.993318
25.993567 2.986646
26.004337 2.986083
25.947742 3.019578
21.119883 2.362377
21.548353 2.943627
25.915152 3.039867
26.006243 2.975146
25.972067 2.994410
25.974749 3.005223
25.978062 3.001306
21.536037 2.947953
25.973246 3.002788
26.006243 2.975146
25.966352 3.001916
25.961329 3.008784
