46.530704 2.140320
46.603054 2.471857
46.629791 2.371670
46.798748 2.402124
46.309799 2.208843
46.600548 2.450364
46.582264 2.371213
54.083843 2.319125
46.775906 2.393887
54.080212 2.317372
46.325409 2.160048
46.636360 2.392565
46.393555 2.219040
46.616730 2.447465
46.450203 2.197416
46.628254 2.440259
46.754597 2.447135
46.584503 2.387168
46.614292 2.454362
46.627605 2.413461
46.734367 2.407872
46.608303 2.360378
46.628281 2.385494
46.476738 2.334359
46.392128 2.156313
46.645691 2.327529
46.664734 2.377297
54.057846 2.302377
46.357220 2.191206
46.562679 2.422663
46.457859 2.157518
46.604950 2.443820
46.395836 2.155806
46.619160 2.379027
46.619656 2.444752
46.586273 2.389069
46.589611 2.471335
46.472481 2.388424
46.632648 2.413988
46.603840 2.392154
46.826752 2.411279
46.562679 2.422663
46.654461 2.375273
54.083397 2.307964
46.602112 2.482157
54.010509 2.274517
46.624969 2.384575
46.344147 2.196620
46.582966 2.433077
46.670040 2.297335
46.496571 2.395873
46.490139 2.363063
46.485321 2.469298
46.569695 2.380588
46.601280 2.427442
46.628895 2.461366
46.579929 2.446917
46.649746 2.403856
46.855343 2.446491
46.618401 2.462030
46.530476 2.088336
46.609852 2.398931
46.628456 2.399171
46.624748 2.430915
46.523724 2.386037
46.592922 2.480033
54.061901 2.319095
46.372974 2.187545
46.644165 2.372954
46.624664 2.475486
46.666012 2.418772
46.533619 2.429797
46.756527 2.445115
46.595718 2.383928
46.603661 2.418797
46.457859 2.157518
46.592648 2.395267
46.614357 2.418389
46.603096 2.392199
46.800808 2.457533
46.505215 2.396634
46.650307 2.428065
46.637772 2.336294
46.621689 2.451693
46.672485 2.417219
46.608986 2.384995
46.360592 2.194568
46.536743 2.036490
46.791294 2.455621
46.791458 2.426194
46.385853 2.212146
46.624084 2.394663
46.603840 2.392154
46.660572 2.419436
46.562927 2.120776
46.582222 2.433930
46.676006 2.385892
46.294228 2.159872
46.759708 2.391917
46.512066 2.397774
46.315884 2.186433
46.682533 2.469840
46.647125 2.343346
46.612083 2.446332
46.491478 2.087324
46.602322 2.428583
46.604534 2.348360
46.783375 2.385365
46.476212 2.097740
46.519390 2.119311
46.617493 2.398218
46.500679 2.340196
54.075523 2.322040
46.629921 2.453137
46.580139 2.424717
54.102379 2.348874
46.341694 2.212508
46.759151 2.444495
54.011341 2.278823
46.608990 2.388801
46.635757 2.400804
46.710697 2.305781
46.586445 2.415701
46.530476 2.088336
46.383007 2.216863
46.627853 2.398361
46.478920 2.393512
46.331257 2.121059
46.468853 2.200683
46.663498 2.435630
46.594097 2.455015
46.671757 2.417901
46.503613 2.397380
46.709572 2.389055
46.627934 2.465897
46.629921 2.453137
46.634003 2.404609
46.571030 2.356372
46.637115 2.434147
54.100368 2.387276
46.628254 2.440259
46.622711 2.393357
46.505215 2.396634
46.602951 2.380831
46.644165 2.372954
46.627750 2.449129
46.791458 2.426194
46.706009 2.411440
46.653130 2.396095
46.606972 2.406977
46.579144 2.383257
46.331257 2.121059
46.653130 2.396095
46.586128 2.363377
46.627605 2.413461
46.850250 2.443069
46.592648 2.395267
46.546490 2.391481
46.628361 2.429557
46.600803 2.532566
46.603096 2.392199
46.499046 2.391189
46.364910 2.182849
46.653137 2.338114
46.633018 2.463379
46.452606 2.383750
46.791458 2.426194
46.354153 2.225709
46.366806 2.201545
46.592648 2.395267
46.471699 2.036455
46.600548 2.450364
46.650379 2.417137
54.091892 2.321422
46.515125 2.111467
46.602375 2.424549
46.652336 2.374563
46.459843 2.144538
46.467297 2.383320
46.643353 2.410851
46.672485 2.417219
54.091175 2.363456
46.619087 2.383794
53.830818 2.513772
46.474880 2.391295
46.640743 2.415379
46.610962 2.424208
46.662445 2.357732
46.622593 2.381773
46.604931 2.415524
46.616730 2.447465
54.072453 2.316317
46.785603 2.382722
46.425320 2.090475
46.579144 2.383257
46.582222 2.433930
46.619087 2.383794
46.420879 2.379606
46.491722 2.386232
46.398331 2.207857
46.546726 2.119869
46.521751 2.116968
46.484932 2.117504
46.586273 2.389069
46.622219 2.370336
46.468430 2.150992
46.631599 2.461661
46.518955 2.116115
46.757698 2.376617
46.372974 2.187545
46.660252 2.418714
46.612083 2.446332
46.652004 2.369692
46.612083 2.446332
46.755928 2.403584
46.759708 2.391917
46.660942 2.482381
46.610176 2.370259
46.421642 2.077238
46.632648 2.413988
46.592648 2.395267
46.630215 2.390278
46.628666 2.363300
46.754311 2.411134
46.609070 2.396399
46.377872 2.190024
46.450203 2.197416
46.346390 2.184385
46.366806 2.201545
46.665413 2.464557
46.603661 2.418797
46.446938 2.367980
46.446354 2.092406
46.387589 2.223313
46.654461 2.375273
46.588131 2.435368
46.710697 2.305781
46.655952 2.365592
46.654461 2.375273
46.595249 2.453626
46.402401 2.235454
46.618458 2.395869
46.602322 2.428583
53.834435 2.531918
46.795895 2.400533
46.651119 2.417750
46.748989 2.350717
46.475117 2.114772
46.656704 2.482104
46.630993 2.394042
46.652130 2.377100
46.536743 2.036490
46.755928 2.403584
46.464920 2.390541
46.385880 2.207840
46.425251 2.174597
54.080212 2.317372
46.628990 2.472917
46.360241 2.233047
46.608883 2.428016
46.579659 2.446486
54.072453 2.316317
46.797062 2.455544
46.608303 2.360378
46.734367 2.407872
54.035877 2.293396
46.616554 2.452771
54.100368 2.387276
46.351093 2.150705
46.370781 2.187967
46.435959 2.326516
46.637772 2.361912
46.650379 2.417137
46.628700 2.456889
46.670021 2.376709
46.627605 2.413461
46.634666 2.452105
54.084103 2.367633
46.722088 2.388799
46.783375 2.385365
46.552406 2.134887
46.585239 2.342784
46.609852 2.398931
46.649460 2.365979
46.487648 2.393681
46.671757 2.417901
46.616505 2.397671
46.530704 2.140320
46.498562 2.062722
54.064537 2.355869
46.608883 2.428016
46.636360 2.392565
46.435814 2.358638
54.081886 2.375535
46.615421 2.409206
46.748253 2.371776
46.677074 2.481831
46.520897 2.112147
53.817493 2.503715
46.568981 2.459121
46.652130 2.377100
46.628281 2.385494
46.530704 2.140320
46.388500 2.102990
46.654354 2.417084
46.594723 2.454294
46.777744 2.360089
46.626312 2.389423
46.746525 2.381152
46.615421 2.409206
46.335175 2.154769
46.608845 2.427810
46.609703 2.403906
46.754597 2.447135
46.606068 2.448020
46.518955 2.116115
46.617397 2.426013
46.480232 2.062323
46.578091 2.376858
46.575176 2.384211
46.399826 2.184919
46.652500 2.429715
46.629791 2.371670
46.633213 2.433268
46.562946 2.466150
46.628956 2.452077
46.350170 2.184995
54.073811 2.357991
46.628700 2.456889
54.075523 2.322040
46.471500 2.392071
46.636360 2.392565
46.562679 2.422663
46.520298 2.339481
46.618458 2.395869
46.619457 2.452258
46.521286 2.117136
46.650398 2.474886
46.694984 2.473571
46.461250 2.104151
54.108490 2.362636
46.399055 2.163213
46.670021 2.376709
46.418049 2.087263
46.639664 2.452501
46.788288 2.339099
46.571030 2.356372
46.360970 2.188829
46.744827 2.387214
46.608986 2.384995
46.652119 2.411716
46.515125 2.111467
46.562134 2.446090
46.476738 2.334359
53.795532 2.498362
46.619160 2.379027
46.379219 2.382728
46.570362 2.375796
46.789982 2.401570
54.087353 2.339141
46.356144 2.181458
46.533619 2.429797
46.677048 2.481142
46.775978 2.391203
46.748989 2.350717
46.609478 2.390623
46.826210 2.438365
46.574875 2.447408
46.586128 2.363377
46.747429 2.381350
46.550423 2.052227
46.551426 2.378626
46.748253 2.371776
46.479351 2.393061
46.360970 2.188829
46.543476 2.119984
46.671757 2.417901
46.600548 2.450364
46.504959 2.327107
46.512066 2.397774
46.491722 2.386232
46.627598 2.377309
46.504959 2.327107
46.722088 2.388799
46.562946 2.466150
46.504959 2.327107
46.440891 2.032532
46.607330 2.389205
46.520813 2.116745
46.619457 2.452258
54.100368 2.387276
46.627853 2.398361
46.624332 2.383453
46.633213 2.433268
46.334564 2.196803
46.700935 2.349471
46.624790 2.458541
46.528545 2.050969
46.630558 2.440424
46.624664 2.475486
46.592648 2.395267
46.578770 2.415560
46.603096 2.392199
46.407604 2.217443
46.615116 2.411317
46.353943 2.210105
46.604485 2.451387
46.579659 2.446486
46.775833 2.407708
46.592648 2.395267
46.398746 2.185375
46.643288 2.465436
46.489895 2.116173
54.064537 2.355869
46.817722 2.435856
46.659039 2.461261
46.470837 2.159842
46.391212 2.216827
46.591393 2.416728
46.605106 2.392699
46.629570 2.470933
46.345573 2.199370
46.520813 2.116745
46.504959 2.327107
46.481197 2.358007
46.480846 2.333682
46.618427 2.446095
46.421642 2.077238
46.315884 2.186433
54.091892 2.321422
46.599209 2.388443
46.737488 2.347171
54.074848 2.316185
46.587791 2.389350
46.359734 2.221665
46.602589 2.444192
46.630215 2.390278
46.387589 2.223313
46.562927 2.120776
46.694172 2.421273
46.412685 2.184985
46.604931 2.415524
46.608303 2.360378
46.372974 2.187545
46.745564 2.401510
54.080212 2.317372
46.597103 2.464852
46.747429 2.381350
46.647923 2.428687
46.618427 2.446095
46.618427 2.446095
46.450813 2.053829
46.628700 2.456889
46.694984 2.473571
46.651733 2.373101
46.755928 2.403584
46.619656 2.444752
46.581886 2.446357
46.606281 2.453725
46.709572 2.389055
46.331787 2.197391
46.400726 2.210502
46.602951 2.380831
46.582527 2.389404
46.791458 2.426194
46.660252 2.418714
46.507713 2.392726
46.733463 2.332339
46.733463 2.332339
46.468227 2.366659
46.582264 2.371213
46.499046 2.391189
46.783375 2.385365
46.353943 2.210105
46.799282 2.414919
46.733463 2.332339
46.486206 2.393622
46.630215 2.390278
46.315884 2.186433
46.633266 2.396546
46.582222 2.433930
46.671757 2.417901
46.507687 2.112090
46.598164 2.415918
46.517849 2.045354
46.354385 2.377173
46.546490 2.391481
46.724525 2.395132
46.685818 2.400764
46.591145 2.345774
46.647125 2.343346
46.576256 2.352933
46.698975 2.301937
46.650379 2.417137
46.505215 2.396634
46.571026 2.445440
46.633213 2.433268
54.091892 2.321422
46.528545 2.050969
46.475243 2.390958
46.629921 2.453137
46.407604 2.217443
46.622574 2.360474
46.650307 2.428065
54.038071 2.345126
46.650379 2.417137
46.706009 2.411440
46.615116 2.411317
46.653130 2.396095
46.353718 2.208961
46.403694 2.207956
46.748989 2.350717
46.734367 2.407872
54.063774 2.353847
46.786472 2.450728
46.595249 2.453626
46.628456 2.399171
46.636360 2.392565
46.414204 2.149392
46.298546 2.105604
46.471500 2.392071
46.366169 2.197606
46.632500 2.432808
46.694172 2.421273
46.409283 2.075627
46.645760 2.413328
46.602951 2.380831
46.697212 2.348610
46.644165 2.372954
46.630993 2.394042
46.668621 2.393065
54.085747 2.362883
46.314049 2.204524
46.616505 2.397671
46.569695 2.380588
46.536743 2.036490
46.722088 2.388799
46.620316 2.401012
46.346390 2.184385
46.747429 2.381350
46.385853 2.212146
46.587738 2.425014
46.734882 2.372356
46.685818 2.400764
46.774307 2.357851
46.645050 2.407662
46.520298 2.339481
46.610641 2.415478
46.626560 2.394040
46.602589 2.444192
46.496571 2.395873
46.530476 2.088336
46.626110 2.431335
46.422588 2.123239
46.671757 2.417901
46.416515 2.171406
46.398331 2.207857
46.671757 2.417901
46.677048 2.481142
46.602589 2.444192
46.444298 2.384542
46.668621 2.393065
46.461205 2.096764
46.705120 2.476811
54.063774 2.353847
54.124561 2.368351
46.491913 2.386038
46.602951 2.380831
54.077694 2.337221
46.798748 2.402124
46.681919 2.401040
46.700935 2.349471
46.650307 2.428065
46.629570 2.470933
46.650379 2.417137
46.660252 2.418714
46.372974 2.187545
46.361561 2.212458
46.722088 2.388799
46.379219 2.382728
46.353943 2.210105
46.640743 2.415379
46.660252 2.418714
46.647358 2.544573
46.632107 2.541510
46.400726 2.210502
46.631172 2.449735
46.599209 2.388443
54.075523 2.322040
46.587791 2.389350
46.659039 2.461261
46.627430 2.401178
46.562927 2.120776
54.038071 2.345126
46.621689 2.451693
46.814491 2.431715
46.602375 2.424549
46.575176 2.384211
46.584503 2.387168
46.576256 2.352933
46.652359 2.419499
46.565144 2.413211
54.084103 2.367633
46.636360 2.392565
46.465553 2.104788
46.639187 2.372653
46.626881 2.466699
54.032700 2.308697
46.608330 2.413798
46.503613 2.397380
46.352345 2.215459
46.487648 2.393681
46.628700 2.456889
46.498562 2.062722
46.782776 2.410010
46.622395 2.392237
46.637371 2.366753
46.576752 2.414157
46.571167 2.463056
46.672485 2.417219
54.124561 2.368351
46.595249 2.453626
46.677074 2.481831
46.636578 2.466801
46.475964 2.336005
46.681606 2.416304
46.318336 2.118032
53.756634 2.497865
46.302200 2.221970
46.421261 2.171449
46.633018 2.463379
46.485142 2.362262
46.640743 2.415379
46.696987 2.302288
54.010509 2.274517
46.607433 2.445810
46.640972 2.463235
46.685818 2.400764
46.587910 2.436887
46.387589 2.223313
46.587910 2.436887
46.807129 2.461228
46.602112 2.482157
46.559093 2.372879
46.612923 2.398831
46.486664 2.109970
46.490223 2.115878
46.753857 2.387794
54.081886 2.375535
46.505192 2.399785
54.124561 2.368351
46.806271 2.459113
46.785603 2.382722
46.657742 2.366232
46.602322 2.428583
46.515125 2.111467
46.540932 2.479434
46.531979 2.465311
54.063507 2.358218
46.446354 2.092406
46.562927 2.120776
46.612083 2.446332
46.513378 2.118282
46.781677 2.453143
46.616985 2.362545
46.602375 2.424549
46.383640 2.181853
46.813381 2.360525
46.614285 2.463578
46.629921 2.453137
46.617916 2.446802
46.602329 2.444346
46.660252 2.418714
46.670021 2.376709
46.571030 2.356372
46.392765 2.223608
46.643784 2.467214
46.571026 2.445440
46.722088 2.388799
46.754597 2.447135
46.353943 2.210105
46.611877 2.366891
46.796700 2.428286
46.418884 2.191690
46.754597 2.447135
46.452606 2.383750
46.628456 2.399171
46.626953 2.451467
46.601280 2.427442
46.612335 2.473681
53.834435 2.531918
46.418793 2.392266
46.612083 2.446332
46.382038 2.182802
46.582264 2.371213
46.678555 2.475711
46.626953 2.451467
46.590572 2.384964
46.759708 2.391917
46.611473 2.395987
46.552227 2.122129
46.412685 2.184985
54.063774 2.353847
54.080212 2.317372
46.602112 2.482157
46.788288 2.339099
46.351093 2.150705
46.398331 2.207857
46.475990 2.097046
46.456215 2.035641
46.683208 2.469764
46.642952 2.369004
46.747429 2.381350
46.381508 2.161426
46.381866 2.213006
46.440746 2.412925
46.520649 2.046810
46.445438 2.156899
46.565144 2.413211
46.666130 2.407708
46.370560 2.168548
46.495834 2.064355
46.632099 2.393250
46.364910 2.182849
46.619087 2.383794
46.602589 2.444192
46.802139 2.429135
46.643353 2.410851
46.471500 2.392071
46.371784 2.188363
46.468266 2.373259
46.632648 2.413988
46.798748 2.402124
54.080212 2.317372
54.010509 2.274517
46.612392 2.472491
46.647923 2.428687
46.602112 2.482157
46.472218 2.391312
46.469086 2.112206
46.571472 2.353678
46.562679 2.422663
46.630993 2.394042
46.671883 2.397990
46.499741 2.087585
46.634666 2.452105
46.606747 2.427178
46.627853 2.398361
46.425564 2.392329
46.584503 2.387168
46.628895 2.461366
46.610176 2.370259
46.464920 2.390541
46.615250 2.427747
46.652119 2.411716
46.753857 2.387794
46.587738 2.425014
46.700935 2.349471
46.747429 2.381350
46.604950 2.443820
46.396576 2.177280
46.628700 2.456889
46.595718 2.383928
46.467346 2.158918
46.373539 2.218913
46.746525 2.381152
46.746525 2.381152
46.475964 2.336005
46.379219 2.382728
46.756527 2.445115
46.483860 2.084670
46.670021 2.376709
46.612083 2.446332
46.407604 2.217443
54.030338 2.346030
54.091892 2.321422
46.596943 2.443796
46.640743 2.415379
54.082401 2.362739
46.486664 2.109970
46.629921 2.453137
54.080212 2.317372
46.627853 2.398361
46.700935 2.349471
54.089294 2.319011
46.602802 2.445739
46.627750 2.449129
46.728561 2.369341
46.484032 2.393350
46.811180 2.393361
46.666130 2.407708
46.593151 2.391976
46.652496 2.386962
46.592648 2.395267
46.719540 2.386591
54.091892 2.321422
46.352345 2.215459
46.416515 2.171406
46.315681 2.185181
46.626953 2.451467
46.640972 2.463235
46.464920 2.390541
46.582264 2.371213
46.425564 2.392329
46.665947 2.353673
46.590961 2.480166
46.569695 2.380588
54.091892 2.321422
46.626717 2.331932
46.791706 2.387591
46.674568 2.470970
46.365917 2.151158
46.501057 2.128827
46.649384 2.411993
46.637772 2.336294
46.770081 2.407221
46.799797 2.403448
46.346390 2.184385
46.685818 2.400764
46.719540 2.386591
46.587910 2.436887
46.562134 2.446090
46.799797 2.403448
46.629570 2.470933
46.383640 2.181853
46.587910 2.436887
46.782776 2.410010
53.817493 2.503715
46.606747 2.427178
46.795456 2.387239
46.518955 2.116115
46.624084 2.394663
46.475964 2.336005
46.594097 2.455015
46.718884 2.385767
46.562946 2.466150
46.325409 2.160048
46.628254 2.440259
46.471500 2.392071
46.786495 2.454489
46.366169 2.197606
46.588131 2.435368
46.471500 2.392071
46.530704 2.140320
46.594097 2.455015
46.781204 2.397304
46.685818 2.400764
46.612923 2.398831
46.588295 2.392746
46.630215 2.390278
46.642952 2.369004
46.694984 2.473571
46.654461 2.375273
46.626560 2.394040
46.371784 2.188363
54.074371 2.381506
46.460922 2.374903
46.795895 2.400533
46.666012 2.418772
46.471500 2.392071
46.332153 2.121906
46.392765 2.223608
46.462605 2.156881
46.734367 2.407872
54.087074 2.361220
46.755928 2.403584
46.352345 2.215459
46.594097 2.455015
46.584503 2.387168
46.795986 2.427183
46.591125 2.412736
46.484932 2.117504
46.572395 2.388516
54.087353 2.339141
46.403694 2.207956
46.713051 2.379705
46.647125 2.343346
46.624664 2.475486
46.584503 2.387168
46.602589 2.444192
46.403694 2.207956
46.591145 2.345774
46.800640 2.369306
46.451134 2.193774
46.740372 2.400590
46.644165 2.372954
46.533619 2.429797
46.546490 2.391481
46.424595 2.171914
46.452606 2.383750
46.786495 2.454489
46.753857 2.387794
46.625820 2.460222
46.414204 2.149392
46.603840 2.392154
46.586723 2.354100
46.675583 2.398659
46.753857 2.387794
46.440014 2.121759
46.636578 2.466801
46.515125 2.111467
54.074371 2.381506
46.612923 2.398831
46.575176 2.384211
46.591125 2.412736
46.571472 2.353678
54.100368 2.387276
46.448624 2.310736
54.077694 2.337221
46.675583 2.398659
46.632099 2.393250
46.612923 2.398831
46.562679 2.422663
46.416027 2.360975
46.496571 2.395873
46.754597 2.447135
46.650990 2.401314
46.383007 2.216863
46.571472 2.353678
46.606033 2.404921
46.586880 2.392788
46.700935 2.349471
46.795986 2.427183
46.486664 2.109970
54.105968 2.383468
46.496571 2.395873
46.795895 2.400533
46.468227 2.366659
54.055923 2.301613
46.620316 2.401012
46.585880 2.475933
46.324585 2.171242
46.811180 2.393361
46.425320 2.090475
46.615421 2.409206
54.063774 2.353847
46.602329 2.444346
46.627750 2.449129
46.332268 2.222712
46.582527 2.389404
46.290409 2.168215
46.660942 2.482381
46.626560 2.394040
46.587791 2.389350
46.387589 2.223313
46.416515 2.171406
46.387589 2.223313
46.535324 2.098022
46.654663 2.395652
46.399826 2.184919
46.468853 2.200683
46.665947 2.353673
46.672485 2.417219
46.475117 2.114772
46.799282 2.414919
46.618458 2.395869
46.609070 2.396399
46.435558 2.172647
46.629570 2.470933
46.472034 2.390535
46.594097 2.455015
46.602375 2.424549
46.586384 2.466582
46.629921 2.453137
46.700935 2.349471
46.651119 2.417750
46.647125 2.343346
46.504959 2.327107
46.633213 2.433268
46.615421 2.409206
46.496571 2.395873
46.652130 2.377100
46.418049 2.087263
46.416515 2.171406
46.628456 2.399171
46.637081 2.333863
46.639664 2.452501
46.505215 2.396634
46.619087 2.383794
46.627853 2.398361
54.096840 2.369098
46.747429 2.381350
46.582527 2.389404
46.747429 2.381350
46.565144 2.413211
46.584503 2.387168
46.709572 2.389055
46.331257 2.121059
46.398331 2.207857
46.602375 2.424549
46.645760 2.413328
46.479507 2.336846
46.671757 2.417901
46.628956 2.452077
46.609478 2.390623
46.612156 2.460969
46.618401 2.462030
46.616985 2.362545
46.802139 2.429135
46.722088 2.388799
46.383640 2.181853
46.425564 2.392329
54.087074 2.361220
46.441471 2.117979
46.602112 2.482157
46.546490 2.391481
46.628700 2.456889
46.633213 2.433268
46.354126 2.136365
46.749241 2.410513
46.774853 2.421562
46.449928 2.077495
46.757698 2.376617
46.788288 2.339099
46.472046 2.387843
46.484669 2.391843
46.627430 2.401178
46.520298 2.339481
46.536743 2.036490
46.782776 2.410010
46.628700 2.456889
46.696987 2.302288
46.484932 2.117504
46.664734 2.377297
46.665073 2.332393
46.700935 2.349471
46.583736 2.457819
46.507713 2.392726
46.569695 2.380588
46.652130 2.377100
46.624748 2.430915
46.425251 2.174597
46.674568 2.470970
53.816269 2.496221
46.713051 2.379705
46.377449 2.153395
46.582966 2.433077
46.504959 2.327107
46.334564 2.196803
46.628254 2.440259
46.383007 2.216863
46.478920 2.393512
46.608986 2.384995
46.628880 2.404629
46.389984 2.149689
46.791458 2.426194
46.608845 2.427810
46.668621 2.393065
46.562862 2.122761
46.639187 2.372653
46.670383 2.372895
46.718098 2.336602
46.629921 2.453137
46.351093 2.150705
46.600063 2.440164
46.762173 2.332329
46.587791 2.389350
46.487648 2.393681
46.598164 2.415918
46.586128 2.363377
46.628456 2.399171
46.677048 2.481142
46.629921 2.453137
46.612923 2.398831
46.652119 2.411716
46.504295 2.063222
46.671757 2.417901
46.626717 2.331932
46.600063 2.440164
46.619087 2.383794
46.755928 2.403584
46.640743 2.415379
46.656284 2.415160
46.637772 2.336294
46.753857 2.387794
46.719540 2.386591
46.649467 2.400476
46.637772 2.336294
46.654800 2.375677
46.609478 2.390623
46.342236 2.175115
46.594097 2.455015
46.628700 2.456889
46.666130 2.407708
46.747429 2.381350
46.657429 2.341666
46.753857 2.387794
54.075523 2.322040
46.475990 2.097046
46.747429 2.381350
46.499741 2.087585
46.587738 2.425014
46.624084 2.394663
46.476738 2.334359
54.073811 2.357991
46.677048 2.481142
46.651733 2.373101
46.636360 2.392565
46.482174 2.113830
46.668621 2.393065
46.583736 2.457819
54.087353 2.339141
46.371784 2.188363
46.668621 2.393065
46.641258 2.467339
46.608883 2.428016
46.654800 2.375677
46.530476 2.088336
46.671757 2.417901
46.489895 2.116173
46.377872 2.190024
54.038071 2.345126
46.603096 2.392199
46.407604 2.217443
46.617916 2.446802
46.456215 2.035641
54.038071 2.345126
46.618427 2.446095
46.798748 2.402124
46.426155 2.182359
54.077694 2.337221
46.681606 2.416304
46.315884 2.186433
46.681160 2.377519
46.622711 2.393357
46.576538 2.462988
46.634666 2.452105
46.652119 2.411716
54.096840 2.369098
46.619457 2.452258
46.649467 2.400476
46.655952 2.365592
46.629921 2.453137
46.637772 2.336294
46.401554 2.225147
46.826752 2.411279
46.681919 2.401040
46.633549 2.455626
46.627750 2.449129
46.628990 2.472917
46.670021 2.376709
46.807129 2.461228
46.482174 2.113830
46.629921 2.453137
46.670383 2.372895
46.646790 2.426253
46.633213 2.433268
54.083843 2.319125
46.543907 2.343202
46.592098 2.464305
46.694984 2.473571
46.536743 2.036490
46.533619 2.429797
46.670040 2.297335
46.595249 2.453626
54.072453 2.316317
46.627934 2.465897
46.626560 2.394040
46.633213 2.433268
46.549305 2.389764
46.410015 2.169822
46.654354 2.417084
46.603096 2.392199
46.580139 2.424717
46.632107 2.541510
46.718098 2.336602
46.589611 2.471335
46.789982 2.401570
46.602589 2.444192
46.624084 2.394663
46.650307 2.428065
46.398331 2.207857
46.396576 2.177280
54.091892 2.321422
46.518955 2.116115
46.734367 2.407872
46.353127 2.175455
46.651733 2.373101
46.681919 2.401040
46.624084 2.394663
46.387589 2.223313
46.666012 2.418772
46.637772 2.336294
46.440746 2.412925
46.665413 2.464557
46.748634 2.327230
46.547424 2.389824
46.595791 2.441541
46.571030 2.356372
46.472218 2.391312
54.079777 2.360055
46.617397 2.426013
46.530704 2.140320
46.630993 2.394042
46.791458 2.426194
46.785671 2.455033
46.747429 2.381350
54.062523 2.355265
46.640743 2.415379
54.124561 2.368351
46.569695 2.380588
46.503613 2.397380
46.353943 2.210105
46.632648 2.413988
54.038071 2.345126
46.721630 2.396662
46.496571 2.395873
46.353943 2.210105
46.499741 2.087585
46.795895 2.400533
46.546490 2.391481
46.562679 2.422663
46.722088 2.388799
46.654461 2.375273
46.615421 2.409206
46.350170 2.184995
46.603840 2.392154
46.660942 2.482381
46.551426 2.378626
46.484932 2.117504
46.435558 2.172647
46.482174 2.113830
46.649109 2.428241
46.747429 2.381350
53.756634 2.497865
46.599678 2.393854
46.603096 2.392199
46.660942 2.482381
46.530617 2.373907
46.798748 2.402124
46.387589 2.223313
46.650307 2.428065
46.629921 2.453137
46.795986 2.427183
46.451450 2.227141
54.040352 2.283242
46.608986 2.384995
46.364910 2.182849
46.783375 2.385365
46.452606 2.383750
46.734367 2.407872
46.722088 2.388799
46.399826 2.184919
46.622574 2.360474
46.573841 2.388167
46.709572 2.389055
46.694984 2.473571
46.654800 2.375677
46.677048 2.481142
46.475990 2.097046
46.346317 2.185360
46.722088 2.388799
46.601894 2.397634
46.536743 2.036490
46.518955 2.116115
46.367458 2.210074
46.722088 2.388799
46.492641 2.128061
46.593643 2.441519
46.601280 2.427442
46.354385 2.377173
46.612652 2.455414
46.650307 2.428065
46.747429 2.381350
46.587910 2.436887
46.611473 2.395987
46.628456 2.399171
46.788288 2.339099
54.091892 2.321422
46.582264 2.371213
46.496571 2.395873
46.431358 2.183162
46.602112 2.482157
46.505215 2.396634
46.709572 2.389055
46.593643 2.441519
46.637539 2.412468
46.463505 2.104921
46.605106 2.392699
46.612083 2.446332
46.581886 2.446357
46.616505 2.397671
46.628456 2.399171
46.706009 2.411440
46.706009 2.411440
46.603661 2.418797
46.632648 2.413988
53.817493 2.503715
46.651680 2.328193
46.606972 2.406977
46.757698 2.376617
46.628700 2.456889
46.643078 2.456425
46.628700 2.456889
46.350372 2.366241
54.083843 2.319125
46.657742 2.366232
46.705120 2.476811
46.665073 2.332393
46.651421 2.366098
46.632500 2.432808
46.706009 2.411440
46.710117 2.337981
46.554260 2.370572
46.536743 2.036490
46.733463 2.332339
46.666012 2.418772
46.664734 2.377297
46.826752 2.411279
46.604931 2.415524
46.603840 2.392154
46.403694 2.207956
46.697212 2.348610
46.350372 2.366241
46.346317 2.185360
54.073811 2.357991
46.629921 2.453137
46.633549 2.455626
54.073811 2.357991
46.616554 2.452771
46.629921 2.453137
46.587910 2.436887
46.387589 2.223313
46.520813 2.116745
46.387589 2.223313
46.665947 2.353673
46.528545 2.050969
54.080212 2.317372
46.697212 2.348610
46.554260 2.370572
46.677048 2.481142
46.512066 2.397774
46.584503 2.387168
54.124561 2.368351
46.594097 2.455015
46.791706 2.387591
46.612923 2.398831
46.360241 2.233047
46.412651 2.077220
46.603840 2.392154
46.512066 2.397774
46.576538 2.462988
46.654461 2.375273
46.424595 2.171914
46.582264 2.371213
46.705120 2.476811
46.354126 2.136365
54.102379 2.348874
46.700935 2.349471
46.640743 2.415379
46.400726 2.210502
46.533619 2.429797
46.603840 2.392154
46.628361 2.429557
46.499046 2.391189
46.485142 2.362262
46.722088 2.388799
46.636360 2.392565
46.670383 2.372895
46.484932 2.117504
46.753857 2.387794
46.653130 2.396095
46.768608 2.448857
46.618458 2.395869
46.468266 2.373259
46.496571 2.395873
46.677048 2.481142
46.645691 2.327529
46.778351 2.400187
46.595791 2.441541
46.426155 2.182359
46.631172 2.449735
46.456215 2.035641
46.629601 2.413984
46.630215 2.390278
46.700935 2.349471
46.786495 2.454489
46.540932 2.479434
46.722088 2.388799
46.472046 2.387843
46.594097 2.455015
46.599209 2.388443
46.635757 2.400804
46.587910 2.436887
46.657188 2.266316
46.446354 2.092406
54.105968 2.383468
46.654461 2.375273
46.331787 2.197391
46.657429 2.341666
46.536743 2.036490
46.464920 2.390541
46.354385 2.377173
46.534687 2.100341
46.650307 2.428065
46.420879 2.379606
46.628254 2.440259
46.602951 2.380831
46.489895 2.116173
46.579659 2.446486
46.483860 2.084670
46.594723 2.454294
54.080212 2.317372
46.562862 2.122761
46.485371 2.338350
46.756527 2.445115
46.530704 2.140320
46.660252 2.418714
46.628956 2.452077
46.536743 2.036490
46.587791 2.389350
46.637539 2.412468
46.346317 2.185360
46.640743 2.415379
46.314049 2.204524
46.606747 2.427178
46.530617 2.373907
46.618458 2.395869
46.626953 2.451467
46.630558 2.440424
46.753857 2.387794
46.706009 2.411440
46.597103 2.464852
46.582264 2.371213
46.756527 2.445115
46.367458 2.210074
46.387589 2.223313
46.628700 2.456889
46.618427 2.446095
46.628666 2.363300
46.582527 2.389404
46.775978 2.391203
46.610962 2.424208
46.468853 2.200683
54.098740 2.367812
46.639664 2.452501
46.352345 2.215459
46.754921 2.345394
46.628956 2.452077
46.636360 2.392565
46.603840 2.392154
54.083843 2.319125
46.622574 2.360474
46.398746 2.185375
46.627750 2.449129
46.582264 2.371213
46.353943 2.210105
46.601894 2.397634
46.795895 2.400533
46.755928 2.403584
54.124561 2.368351
46.426861 2.240708
46.775909 2.452767
46.710117 2.337981
46.807129 2.461228
46.637772 2.336294
46.613327 2.388089
46.643871 2.393914
46.706009 2.411440
46.571030 2.356372
46.390751 2.218099
46.671757 2.417901
46.472218 2.391312
46.653114 2.266719
46.483860 2.084670
46.520813 2.116745
46.665947 2.353673
46.645050 2.407662
46.628456 2.399171
46.589611 2.471335
54.102379 2.348874
46.734367 2.407872
46.599209 2.388443
46.595791 2.441541
54.089294 2.319011
46.353218 2.113372
46.629601 2.413984
46.441471 2.117979
46.602951 2.380831
46.801495 2.456587
46.612652 2.455414
46.585880 2.475933
46.401958 2.205427
46.652130 2.377100
46.602329 2.444346
46.706009 2.411440
46.468853 2.200683
46.602112 2.482157
46.602322 2.428583
46.572395 2.388516
53.756634 2.497865
46.665413 2.464557
46.381508 2.161426
46.467297 2.383320
46.385853 2.212146
46.651733 2.373101
46.400726 2.210502
46.392765 2.223608
46.650307 2.428065
46.666012 2.418772
54.077694 2.337221
46.653130 2.396095
46.569695 2.380588
46.482174 2.113830
46.425320 2.090475
46.468266 2.373259
46.594097 2.455015
46.754597 2.447135
46.452606 2.383750
54.087353 2.339141
46.633247 2.434037
46.364910 2.182849
46.387589 2.223313
46.628666 2.363300
46.753857 2.387794
46.734367 2.407872
46.589611 2.471335
46.769207 2.393830
46.633213 2.433268
46.507687 2.112090
46.563808 2.392920
46.705120 2.476811
46.632648 2.413988
46.627598 2.377309
46.652119 2.411716
46.665073 2.332393
46.626717 2.331932
46.635757 2.400804
46.791706 2.387591
46.654354 2.417084
46.755928 2.403584
46.490223 2.115878
46.685818 2.400764
46.748989 2.350717
46.562927 2.120776
46.674568 2.470970
46.440891 2.032532
46.637772 2.336294
46.653130 2.396095
46.697212 2.348610
46.589611 2.471335
46.636360 2.392565
46.494747 2.395963
54.096840 2.369098
46.387589 2.223313
46.629921 2.453137
46.602112 2.482157
46.602112 2.482157
46.799282 2.414919
46.626717 2.331932
46.390343 2.154302
46.626717 2.331932
46.606747 2.427178
46.381508 2.161426
46.364910 2.182849
46.579144 2.383257
46.601280 2.427442
46.650307 2.428065
46.331787 2.197391
54.091892 2.321422
46.665073 2.332393
46.652130 2.377100
46.425320 2.090475
46.468227 2.366659
46.486664 2.109970
46.331787 2.197391
46.633213 2.433268
46.603840 2.392154
46.572395 2.388516
46.705120 2.476811
46.565144 2.413211
46.346390 2.184385
46.414204 2.149392
46.659039 2.461261
46.705120 2.476811
46.602951 2.380831
46.769207 2.393830
46.622574 2.360474
46.465553 2.104788
46.602322 2.428583
46.672485 2.417219
46.697212 2.348610
46.665073 2.332393
46.652119 2.411716
46.645760 2.413328
46.468853 2.200683
46.627853 2.398361
46.650307 2.428065
46.666012 2.418772
46.679531 2.356219
46.576538 2.462988
46.440746 2.412925
46.600548 2.450364
46.665073 2.332393
46.623074 2.393369
46.747429 2.381350
46.799797 2.403448
46.593151 2.391976
46.592648 2.395267
46.483860 2.084670
46.579659 2.446486
46.549305 2.389764
46.799282 2.414919
46.654354 2.417084
46.710117 2.337981
46.649746 2.403856
46.753857 2.387794
46.437206 2.123955
46.769207 2.393830
46.685818 2.400764
46.551426 2.378626
46.753857 2.387794
54.102379 2.348874
46.604534 2.348360
46.350372 2.366241
46.366169 2.197606
46.496571 2.395873
46.628956 2.452077
46.587910 2.436887
46.475117 2.114772
46.353127 2.175455
46.802139 2.429135
46.367458 2.210074
46.629601 2.413984
46.580139 2.424717
46.666012 2.418772
46.491913 2.386038
46.472046 2.387843
46.628956 2.452077
46.612156 2.460969
46.435558 2.172647
46.594097 2.455015
54.087353 2.339141
46.589611 2.471335
46.631172 2.449735
46.747429 2.381350
46.576538 2.462988
46.387589 2.223313
46.647125 2.343346
46.573841 2.388167
46.630993 2.394042
46.796700 2.428286
46.377449 2.153395
46.649467 2.400476
46.315681 2.185181
46.671757 2.417901
46.572395 2.388516
46.634666 2.452105
46.645691 2.327529
46.579144 2.383257
46.611473 2.395987
46.489895 2.116173
46.353943 2.210105
46.629921 2.453137
46.746525 2.381152
46.507713 2.392726
46.671757 2.417901
46.665073 2.332393
46.755928 2.403584
46.622219 2.370336
46.372974 2.187545
46.685818 2.400764
46.602112 2.482157
46.595791 2.441541
46.353127 2.175455
46.807129 2.461228
46.666012 2.418772
46.482174 2.113830
54.077694 2.337221
46.766594 2.407804
46.410015 2.169822
46.424271 2.172026
46.440891 2.032532
46.528545 2.050969
46.718098 2.336602
46.753857 2.387794
54.096840 2.369098
54.096840 2.369098
46.370434 2.213601
46.757698 2.376617
46.352345 2.215459
46.584503 2.387168
46.629570 2.470933
46.778351 2.400187
46.467297 2.383320
46.367458 2.210074
46.350372 2.366241
46.468853 2.200683
46.618401 2.462030
46.483860 2.084670
46.630215 2.390278
46.624241 2.451144
46.759708 2.391917
46.602112 2.482157
46.398331 2.207857
46.351093 2.150705
46.674568 2.470970
46.361561 2.212458
46.512066 2.397774
46.630215 2.390278
46.498562 2.062722
46.697212 2.348610
46.602951 2.380831
46.440014 2.121759
46.775906 2.393887
46.479252 2.114617
46.520298 2.339481
54.038071 2.345126
46.377449 2.153395
46.608303 2.360378
46.377872 2.190024
46.487980 2.157297
46.392765 2.223608
46.403694 2.207956
46.350372 2.366241
46.630215 2.390278
46.615421 2.409206
46.635757 2.400804
46.629570 2.470933
46.705120 2.476811
46.652130 2.377100
46.421642 2.077238
46.396576 2.177280
46.643078 2.456425
46.625820 2.460222
46.356144 2.181458
46.616505 2.397671
46.504959 2.327107
46.416515 2.171406
46.467297 2.383320
54.073811 2.357991
54.087353 2.339141
46.783375 2.385365
46.601894 2.397634
46.630558 2.440424
46.628361 2.429557
46.478920 2.393512
46.629570 2.470933
46.630215 2.390278
46.464920 2.390541
46.354385 2.377173
46.354126 2.122775
46.475117 2.114772
46.472218 2.391312
46.611473 2.395987
46.733463 2.332339
46.677074 2.481831
46.713051 2.379705
46.595718 2.383928
46.482174 2.113830
46.722088 2.388799
46.628456 2.399171
46.526695 2.119622
46.633213 2.433268
46.530476 2.088336
46.587910 2.436887
46.608986 2.384995
46.536743 2.036490
46.569695 2.380588
46.468266 2.373259
46.324585 2.171242
46.407604 2.217443
46.628456 2.399171
54.074371 2.381506
53.756634 2.497865
46.633247 2.434037
46.666130 2.407708
46.528545 2.050969
46.331787 2.197391
54.124561 2.368351
46.636360 2.392565
54.096840 2.369098
46.576256 2.352933
46.334564 2.196803
46.754597 2.447135
46.618458 2.395869
46.677048 2.481142
46.354126 2.136365
46.660252 2.418714
46.595791 2.441541
46.425251 2.174597
46.581886 2.446357
46.412685 2.184985
46.379219 2.382728
46.611473 2.395987
46.472046 2.387843
46.603840 2.392154
46.530476 2.088336
46.670021 2.376709
46.387589 2.223313
46.756527 2.445115
46.440746 2.412925
46.628956 2.452077
46.353943 2.210105
46.685818 2.400764
46.472218 2.391312
46.672485 2.417219
46.332268 2.222712
46.628956 2.452077
46.666012 2.418772
46.786472 2.450728
46.747429 2.381350
46.315681 2.185181
46.629791 2.371670
46.602112 2.482157
46.697212 2.348610
46.651680 2.328193
46.628456 2.399171
46.649467 2.400476
46.599209 2.388443
46.459843 2.144538
46.671757 2.417901
46.393600 2.225710
46.640743 2.415379
46.655952 2.365592
46.485371 2.338350
46.685818 2.400764
46.615421 2.409206
46.536743 2.036490
46.468266 2.373259
46.602112 2.482157
46.490223 2.115878
46.562927 2.120776
46.628456 2.399171
46.753857 2.387794
46.618427 2.446095
46.652130 2.377100
46.705120 2.476811
46.628956 2.452077
46.621689 2.451693
46.629570 2.470933
46.636360 2.392565
46.636360 2.392565
54.091892 2.321422
46.633247 2.434037
46.475990 2.097046
46.747429 2.381350
46.572395 2.388516
46.387589 2.223313
46.562927 2.120776
46.631172 2.449735
54.124561 2.368351
46.603661 2.418797
46.620316 2.401012
46.569695 2.380588
46.635757 2.400804
46.579144 2.383257
46.627853 2.398361
46.671757 2.417901
46.618458 2.395869
46.613327 2.388089
46.632500 2.432808
46.512066 2.397774
46.505215 2.396634
46.602589 2.444192
46.753857 2.387794
46.385853 2.212146
46.507713 2.392726
46.795986 2.427183
46.592648 2.395267
46.677048 2.481142
46.424271 2.172026
46.579144 2.383257
46.353943 2.210105
54.072453 2.316317
46.631172 2.449735
46.637115 2.434147
46.744827 2.387214
46.666012 2.418772
46.353943 2.210105
46.694984 2.473571
46.798748 2.402124
46.639664 2.452501
46.448624 2.310736
54.083843 2.319125
46.425320 2.090475
46.505215 2.396634
46.346317 2.185360
46.786472 2.450728
46.581886 2.446357
54.080212 2.317372
46.672485 2.417219
46.379219 2.382728
46.594097 2.455015
46.608303 2.360378
46.465553 2.104788
46.520649 2.046810
46.628700 2.456889
54.032700 2.308697
46.594723 2.454294
46.314049 2.204524
46.579144 2.383257
46.520649 2.046810
46.367458 2.210074
46.642952 2.369004
46.650307 2.428065
46.602112 2.482157
46.603840 2.392154
46.604534 2.348360
46.612652 2.455414
46.392128 2.156313
54.100368 2.387276
46.353943 2.210105
46.734367 2.407872
46.483860 2.084670
46.618401 2.462030
54.038071 2.345126
46.500679 2.340196
54.075523 2.322040
46.543907 2.343202
46.485371 2.338350
46.677048 2.481142
46.579144 2.383257
46.420879 2.379606
46.628361 2.429557
46.613327 2.388089
46.628456 2.399171
46.675583 2.398659
46.628456 2.399171
46.814491 2.431715
46.657429 2.341666
46.517849 2.045354
46.628700 2.456889
46.718098 2.336602
46.415623 2.180836
46.482174 2.113830
46.633213 2.433268
46.608986 2.384995
46.637772 2.336294
46.652004 2.369692
46.418884 2.191690
46.482174 2.113830
46.678555 2.475711
46.530476 2.088336
46.604950 2.443820
46.388500 2.102990
46.593151 2.391976
46.489895 2.116173
46.629570 2.470933
46.663498 2.435630
46.472218 2.391312
46.353943 2.210105
46.352345 2.215459
54.081886 2.375535
46.652130 2.377100
46.633247 2.434037
54.100368 2.387276
46.655952 2.365592
46.520649 2.046810
46.530617 2.373907
46.591125 2.412736
46.589611 2.471335
46.759151 2.444495
54.096840 2.369098
46.562679 2.422663
46.672485 2.417219
46.494747 2.395963
46.579144 2.383257
46.697212 2.348610
46.576256 2.352933
46.655952 2.365592
46.377872 2.190024
46.352345 2.215459
46.586384 2.466582
46.645760 2.413328
46.412685 2.184985
46.594097 2.455015
46.627853 2.398361
46.530476 2.088336
46.377872 2.190024
46.582527 2.389404
46.740372 2.400590
46.633247 2.434037
46.700935 2.349471
46.562679 2.422663
46.616554 2.452771
46.633213 2.433268
46.705120 2.476811
46.569695 2.380588
46.354126 2.136365
46.571030 2.356372
46.582527 2.389404
46.576538 2.462988
46.697212 2.348610
54.038071 2.345126
46.627853 2.398361
54.102379 2.348874
46.624084 2.394663
46.791706 2.387591
46.612923 2.398831
46.706009 2.411440
46.587738 2.425014
46.786472 2.450728
46.496571 2.395873
46.608303 2.360378
54.082401 2.362739
46.628700 2.456889
46.651680 2.328193
46.350372 2.366241
46.806271 2.459113
