26.220284 2.888782
26.223650 2.855540
26.255211 2.833540
26.255527 2.839098
26.212894 2.860742
18.114594 2.109098
26.253239 2.855911
26.279028 2.821636
26.225021 2.839824
26.141138 2.905229
26.281712 2.818364
26.230562 2.846825
26.233929 2.857884
26.280058 2.801388
26.290667 2.844207
26.255775 2.844149
26.269476 2.814173
26.221609 2.860795
26.259785 2.837371
26.243195 2.840446
26.259386 2.834743
26.266737 2.823320
26.233854 2.860049
26.237949 2.864858
26.199528 2.850949
26.297245 2.809407
26.203260 2.870351
26.224573 2.854889
26.225203 2.850581
26.292034 2.813406
26.222601 2.842301
26.302410 2.814600
26.245646 2.848083
26.267313 2.832065
26.254444 2.838933
26.254444 2.838933
26.238882 2.857899
26.221350 2.849335
26.290453 2.818213
26.308954 2.798212
26.272938 2.825733
26.231501 2.838080
26.204313 2.867234
26.330299 2.789891
26.212736 2.852726
26.270693 2.810461
26.265717 2.822664
26.283092 2.803421
26.252796 2.830086
26.221464 2.854071
26.211382 2.855676
26.197351 2.863959
26.283594 2.806569
26.252872 2.857624
26.210052 2.858500
26.233574 2.840975
26.279394 2.828924
26.192019 2.881869
26.252872 2.857624
31.002813 4.709051
18.126835 2.106637
26.275503 2.821932
26.278982 2.807500
26.271086 2.819788
26.276262 2.830090
26.247139 2.841461
26.223087 2.852858
26.239380 2.852271
26.281731 2.815722
26.262037 2.845653
18.126089 2.103776
26.263908 2.831012
26.281984 2.815154
26.296816 2.816786
26.267584 2.813671
26.233574 2.840975
26.214619 2.859350
21.870575 2.871346
26.277611 2.824314
26.252659 2.835695
26.206076 2.868897
26.227823 2.835339
26.226137 2.839967
26.252142 2.827941
26.248415 2.858908
26.182749 2.882040
26.205278 2.867119
26.209496 2.867553
26.243872 2.851070
26.241028 2.843706
26.239868 2.853573
26.218428 2.852426
26.243505 2.847151
26.182425 2.873960
26.272137 2.830839
26.283449 2.813789
18.438990 2.105966
26.250408 2.840281
26.257284 2.840411
26.221464 2.854071
26.183258 2.869582
26.215696 2.853394
26.197475 2.863139
26.278982 2.807500
26.226021 2.850609
26.208281 2.849472
26.296730 2.806117
26.235527 2.849687
26.241028 2.843706
26.308954 2.798212
26.220371 2.864601
26.267084 2.828605
26.226515 2.866280
26.239067 2.852405
26.260895 2.813886
26.216963 2.862262
26.194204 2.868143
26.254507 2.837511
26.281731 2.815722
26.257284 2.840411
26.180269 2.891645
26.238428 2.858623
26.228397 2.862558
26.235996 2.850802
26.216301 2.856695
26.272802 2.823526
26.259577 2.850633
26.252438 2.837711
26.243938 2.842897
26.300606 2.814006
26.233574 2.840975
26.206169 2.853050
26.305836 2.817630
26.272802 2.823526
26.230728 2.868980
26.242334 2.835881
26.247183 2.837984
26.224949 2.844887
21.916298 2.848214
26.197351 2.863959
26.214647 2.862365
26.277082 2.822981
26.214647 2.862365
26.229990 2.831503
26.260490 2.846254
26.271555 2.850016
26.272137 2.830839
26.214737 2.863321
26.197863 2.864557
26.255775 2.844149
26.296555 2.811888
26.212328 2.865569
26.193808 2.879433
26.213570 2.864037
26.281731 2.815722
26.232912 2.842867
26.205626 2.875391
26.220345 2.860862
26.285122 2.816244
26.297894 2.807008
26.236523 2.855631
26.206804 2.867500
26.288862 2.816226
26.190802 2.869771
26.204298 2.865899
26.232588 2.864548
26.245390 2.849386
26.247730 2.833276
26.214607 2.861950
26.213451 2.867553
26.201443 2.848539
18.132456 2.093796
26.240408 2.826497
26.239426 2.831662
26.237400 2.853204
26.281544 2.816640
26.227600 2.844735
26.196957 2.863440
26.276695 2.825562
26.234818 2.862997
26.280058 2.801388
26.223316 2.845360
26.282734 2.832314
26.195354 2.863444
26.283743 2.816140
26.235020 2.850901
26.249300 2.866136
26.203772 2.867489
26.234352 2.854735
26.224949 2.844887
26.260895 2.813886
26.259577 2.850633
26.224855 2.838797
26.204021 2.894631
26.210346 2.865638
26.283594 2.806569
26.271555 2.850016
26.240210 2.838231
26.239397 2.838191
26.312593 2.788825
26.222031 2.846361
26.242809 2.846199
26.254114 2.840456
26.246870 2.850158
26.242031 2.837648
26.337519 2.782239
26.257832 2.828417
26.248287 2.844383
26.265219 2.830796
26.231409 2.854571
26.263083 2.831268
26.258820 2.852405
26.255331 2.853312
26.227823 2.835339
26.214737 2.863321
26.263582 2.822668
26.276262 2.830090
26.231997 2.847667
26.260309 2.824111
26.179031 2.886035
26.262770 2.834098
26.269590 2.824192
26.226370 2.859677
26.206169 2.853050
26.193422 2.873724
26.231537 2.858877
26.212118 2.857825
26.220051 2.860543
26.234709 2.861362
26.208853 2.877501
26.221798 2.857889
26.305836 2.817630
26.294447 2.793606
26.220465 2.859710
26.241488 2.837706
26.236885 2.834133
26.200489 2.875505
26.282751 2.842273
26.229422 2.847773
26.236988 2.869029
26.235836 2.858638
26.223303 2.866900
26.258646 2.835234
26.224483 2.854498
26.247768 2.846307
26.246498 2.848417
26.234163 2.833381
26.261745 2.835100
26.256098 2.826389
26.209536 2.850194
26.307575 2.822515
26.254114 2.840456
26.314409 2.811071
18.083775 2.115216
26.257860 2.835969
26.215399 2.850663
26.235003 2.857970
26.232161 2.859891
26.237497 2.842332
26.198740 2.889987
26.208046 2.864963
26.215218 2.857068
26.253834 2.837900
26.217623 2.868021
26.220284 2.849943
26.241020 2.861691
26.263588 2.831550
26.204313 2.867234
26.213757 2.857103
26.236086 2.859859
26.237282 2.838470
26.248854 2.850554
26.208281 2.849472
26.241488 2.837706
26.282621 2.826000
26.223665 2.863456
26.269577 2.821058
26.212822 2.865288
26.210346 2.865638
26.196705 2.861502
26.252813 2.826138
26.208046 2.864963
26.249630 2.824234
26.241831 2.842776
26.295387 2.806928
26.220238 2.851895
26.225180 2.862392
26.231033 2.846800
26.236561 2.862281
26.266006 2.853385
26.201233 2.865444
26.187239 2.880484
26.267040 2.804108
26.201233 2.865444
26.273685 2.835162
26.247183 2.837984
26.232807 2.857800
26.221581 2.857559
26.236946 2.841498
26.251917 2.851430
26.241991 2.850812
26.253494 2.824823
26.247992 2.846226
21.884111 2.866122
26.217920 2.847186
21.964045 2.535640
26.273052 2.813014
26.228399 2.842706
26.250944 2.832260
26.281712 2.818364
26.212822 2.865288
26.223665 2.863456
26.272802 2.823526
26.258795 2.844493
26.267281 2.835200
26.218790 2.850255
26.218145 2.854833
26.225809 2.849382
26.220127 2.867620
26.273336 2.836188
26.292034 2.813406
26.293438 2.811714
26.282734 2.832314
26.203739 2.875661
26.241028 2.843706
26.265717 2.822664
26.223650 2.855540
26.215271 2.847022
26.253834 2.837900
26.209496 2.867553
26.195896 2.888561
26.196957 2.863440
26.269590 2.824192
26.258972 2.812403
26.205540 2.861868
26.241667 2.849432
26.226191 2.867315
26.203260 2.870351
26.217987 2.847297
26.230282 2.849202
26.248100 2.859638
26.264671 2.834530
26.261745 2.835100
26.259785 2.837371
26.177422 2.882566
26.268959 2.829243
26.248287 2.844383
26.188705 2.878985
26.289083 2.827819
26.240320 2.841986
26.261005 2.820860
26.245300 2.833631
26.185699 2.873291
26.204157 2.847483
26.234818 2.862997
26.218416 2.847418
26.232912 2.842867
26.223316 2.845360
26.273424 2.818123
26.236446 2.851732
26.260401 2.827133
26.258301 2.847134
26.317575 2.794562
26.232794 2.843742
26.190132 2.882928
26.216963 2.862262
26.213539 2.862180
26.217159 2.848786
26.229706 2.842815
26.267172 2.839610
26.207865 2.855731
26.201233 2.865444
26.223026 2.848727
26.219296 2.843598
26.212822 2.865288
26.227041 2.844026
26.228397 2.862558
26.245300 2.856570
26.231501 2.838080
26.213299 2.870269
26.198915 2.873133
26.141138 2.905229
26.221464 2.854071
26.213881 2.862790
26.208326 2.871850
26.217623 2.868021
26.294447 2.793606
26.176191 2.877025
26.245066 2.844078
26.267084 2.828605
26.274872 2.805725
26.249020 2.822915
18.102268 2.110547
26.262037 2.845653
26.278042 2.821545
26.248241 2.838246
26.225571 2.864635
26.201233 2.865444
26.263908 2.831012
26.208895 2.866531
26.243320 2.832005
26.258301 2.847134
26.275116 2.807107
26.229389 2.846896
26.199797 2.873097
26.214607 2.861950
26.306721 2.787310
26.251133 2.850396
26.251696 2.838769
26.203333 2.857690
26.205717 2.856385
26.220051 2.860543
26.270132 2.814311
26.255299 2.828709
26.231590 2.852638
26.253069 2.834576
26.211584 2.877649
26.239868 2.853573
26.216301 2.856695
26.207865 2.855731
26.337519 2.782239
26.253798 2.832448
26.207491 2.858508
26.279119 2.816961
26.242479 2.840610
26.260490 2.846254
26.231339 2.853637
26.187239 2.880484
26.266333 2.825180
26.277485 2.831528
26.213282 2.861679
26.237286 2.841419
26.227417 2.848276
26.202660 2.865926
26.222883 2.859125
21.912331 2.859246
26.233770 2.843166
26.273685 2.835162
26.179031 2.886035
26.294447 2.793606
26.253777 2.819794
26.257860 2.835969
26.211174 2.875383
26.224348 2.863883
26.243835 2.837917
26.239426 2.831662
26.217024 2.872755
26.186930 2.887944
26.203333 2.857690
26.205717 2.856385
26.280653 2.826591
26.255125 2.829950
26.255602 2.841388
26.279371 2.819412
26.253494 2.824823
26.188705 2.878985
26.308954 2.798212
26.273052 2.813014
26.257746 2.838460
26.300043 2.805590
26.198484 2.849124
26.263166 2.839344
26.266737 2.823320
26.216793 2.855848
18.102268 2.110547
26.238428 2.858623
26.203260 2.870351
26.224483 2.854498
26.241488 2.837706
26.214394 2.856724
24.940863 2.745384
26.224771 2.844899
26.204157 2.847483
26.218950 2.858675
26.233486 2.849178
26.245390 2.849386
18.199150 2.052361
26.269419 2.817819
26.202570 2.881924
22.018383 2.521770
26.245453 2.849494
26.254807 2.839058
26.263609 2.829464
26.239426 2.831662
26.297974 2.809243
26.241028 2.843706
26.225477 2.842797
26.312593 2.788825
26.198004 2.861184
26.253777 2.819794
26.216448 2.860906
26.258301 2.847134
26.259480 2.845389
26.293280 2.801876
26.266485 2.845961
26.238176 2.860764
26.253798 2.832448
26.210552 2.854378
26.209179 2.877366
26.263969 2.828160
26.194744 2.853804
26.237282 2.838470
26.226282 2.854090
26.272034 2.819011
26.263582 2.822668
26.233358 2.862823
26.240711 2.858155
26.193422 2.873724
26.283594 2.806569
26.218611 2.858643
26.252872 2.857624
26.197863 2.864557
26.249069 2.852935
26.229342 2.859273
26.246609 2.832222
26.255503 2.840446
26.299028 2.800515
26.317575 2.794562
26.233046 2.847496
26.263083 2.831268
26.223711 2.858815
26.247822 2.822733
26.231817 2.840484
26.253798 2.832448
26.263083 2.831268
26.244066 2.853935
26.258682 2.822450
26.267040 2.804108
26.283178 2.807537
26.269047 2.837583
26.204313 2.867234
26.233404 2.832561
28.563305 2.808558
26.246643 2.856057
26.242699 2.856566
26.246773 2.842778
26.209179 2.877366
26.219379 2.860313
26.233446 2.846198
26.217012 2.863633
26.220127 2.867620
26.225021 2.839824
26.238176 2.860764
26.288954 2.800223
26.262037 2.845653
26.241488 2.837706
26.293280 2.801876
26.205505 2.855950
26.252171 2.850489
26.230602 2.837749
26.252438 2.837711
26.196957 2.863440
26.217987 2.847297
26.246805 2.838781
20.969509 2.295602
26.238651 2.845283
26.245218 2.839395
26.202660 2.865926
26.266333 2.825180
21.816404 2.880222
26.232794 2.843742
26.214607 2.861950
26.259882 2.825664
26.196957 2.863440
26.220371 2.864601
26.259577 2.850633
26.226021 2.850609
26.292034 2.813406
26.211849 2.868231
26.231339 2.853637
26.225611 2.853996
26.216301 2.856695
26.221300 2.859262
26.224855 2.838797
26.180092 2.881635
26.266006 2.853385
26.306349 2.805912
26.226021 2.850609
26.265219 2.830796
26.225025 2.845407
26.323013 2.783956
26.226191 2.867315
26.213757 2.857103
26.290453 2.818213
26.255177 2.836300
26.250607 2.833152
26.268318 2.827153
26.242937 2.850610
21.797121 2.876801
26.259790 2.835566
26.237690 2.856750
26.215593 2.857892
26.246643 2.856057
26.228968 2.853099
26.247768 2.846307
26.301336 2.794765
26.246050 2.845416
26.260490 2.846254
26.224638 2.863295
26.242392 2.836597
26.242180 2.856745
26.234077 2.841804
26.255268 2.843293
26.282734 2.832314
26.242424 2.860489
26.262770 2.834098
26.201443 2.848539
26.226650 2.843857
26.254477 2.821180
26.231501 2.838080
26.250944 2.832260
26.263494 2.825716
26.217920 2.847186
26.267084 2.828605
26.284966 2.820266
26.244066 2.853935
26.259577 2.850633
26.223101 2.859538
26.243872 2.851070
26.229422 2.847773
26.215460 2.855814
18.195503 2.055517
26.243320 2.832005
26.246609 2.832222
26.238543 2.846964
26.215723 2.866455
26.237282 2.838470
26.266006 2.853385
26.225477 2.842797
26.269316 2.820333
26.212011 2.876665
26.231409 2.854571
26.234709 2.861362
26.227041 2.844026
26.256882 2.842745
18.151491 2.084200
26.204021 2.894631
26.235020 2.850901
26.249630 2.824234
26.248100 2.859638
26.204021 2.894631
26.266333 2.825180
21.797121 2.876801
26.281712 2.818364
26.264944 2.830048
31.233114 8.559794
26.206169 2.853050
26.202040 2.878286
26.230602 2.837749
26.206169 2.853050
26.214619 2.859350
26.283449 2.813789
26.189161 2.884661
26.245218 2.839395
26.244463 2.839467
26.268711 2.841311
26.211718 2.839691
26.226599 2.865373
26.237213 2.856730
26.248117 2.850704
26.222349 2.859239
26.204170 2.860148
26.220345 2.860862
26.274872 2.805725
26.259577 2.850633
26.261745 2.835100
26.253777 2.819794
26.227804 2.841804
26.234163 2.833381
26.289068 2.828886
26.281731 2.815722
26.233929 2.857884
26.255125 2.829950
26.287432 2.809399
26.253777 2.819794
28.563305 2.808558
26.195896 2.888561
26.239260 2.847814
26.273447 2.840753
26.214642 2.839416
26.304569 2.819124
26.259657 2.809906
26.247768 2.846307
26.211727 2.851402
26.226683 2.852939
26.221350 2.849335
26.266006 2.853385
26.248100 2.859638
26.218624 2.859972
26.217987 2.847297
26.236561 2.862281
26.225801 2.848525
26.281731 2.815722
26.221500 2.855890
26.196705 2.861502
26.226650 2.843857
26.269966 2.849393
26.228024 2.832072
26.189587 2.865995
26.307262 2.819357
26.272034 2.819011
26.199730 2.870703
26.203260 2.870351
26.229122 2.858196
26.275869 2.823274
26.213263 2.855439
26.254114 2.840456
26.221704 2.847466
26.233746 2.834792
26.305836 2.817630
26.306391 2.826809
26.197990 2.878764
26.255125 2.829950
26.314186 2.776815
26.208895 2.866531
26.290453 2.818213
26.288549 2.820259
26.218624 2.859972
26.271555 2.850016
26.243839 2.849487
26.222036 2.852337
26.226650 2.843857
26.261745 2.835100
26.200180 2.860543
26.275116 2.807107
26.306730 2.821597
26.272938 2.825733
26.185699 2.873291
26.266485 2.845961
26.263083 2.831268
26.217678 2.852553
26.233404 2.832561
26.233854 2.860049
26.214607 2.861950
26.211618 2.864894
26.231636 2.869139
26.284966 2.820266
26.199730 2.870703
26.197863 2.864557
26.215126 2.851349
26.240370 2.842737
26.268318 2.827153
26.220400 2.848788
26.302410 2.814600
26.226364 2.862035
26.267313 2.832065
26.333715 2.797179
26.230379 2.855376
26.216963 2.862262
26.204981 2.866503
26.199730 2.870703
26.239426 2.844977
26.273447 2.840753
26.243776 2.840211
26.199471 2.850111
26.226191 2.867315
26.201443 2.848539
26.222378 2.856310
26.220091 2.842987
21.862738 2.867865
26.234097 2.841399
26.216175 2.853039
26.231817 2.840484
26.245813 2.842485
26.257116 2.831243
26.233574 2.840975
26.233624 2.854221
26.225975 2.862486
26.254114 2.840456
26.280058 2.801388
26.219273 2.867774
26.272938 2.825733
26.235600 2.845550
26.243872 2.851070
26.272932 2.829158
26.228943 2.832616
26.240219 2.831506
26.230398 2.845175
26.209179 2.877366
26.215723 2.866455
26.211861 2.862133
26.251945 2.842030
26.205717 2.856385
26.185699 2.873291
26.214394 2.856724
26.266737 2.823320
26.220091 2.842987
26.212053 2.854987
26.294483 2.794517
26.262566 2.828156
26.301336 2.794765
26.228918 2.857164
26.239828 2.858654
26.239937 2.845986
18.118177 2.110786
26.293438 2.811714
26.242821 2.851588
26.207920 2.840856
26.254477 2.821180
26.280058 2.801388
26.242180 2.856745
26.273424 2.818123
26.203817 2.870865
26.198797 2.871406
26.208046 2.864963
26.213570 2.864037
26.301336 2.794765
26.243938 2.842897
26.245300 2.833631
26.279297 2.831487
26.255331 2.853312
26.280058 2.801388
26.242937 2.850610
26.251133 2.850396
26.228760 2.862723
26.244379 2.837156
26.235096 2.855729
26.283449 2.813789
26.238546 2.846956
26.217703 2.854198
26.307575 2.822515
26.256882 2.842745
26.226582 2.835648
26.226145 2.862166
26.243710 2.828483
26.226191 2.867315
26.235893 2.862370
26.222031 2.846361
26.257284 2.840411
26.273415 2.814635
26.235600 2.845550
26.271894 2.837328
26.257284 2.840411
26.288954 2.800223
26.232599 2.850305
18.195503 2.055517
26.248526 2.859175
26.261396 2.825303
26.255331 2.853312
26.234163 2.833381
26.258972 2.812403
26.246937 2.835065
26.224983 2.852777
26.226599 2.865373
26.227600 2.844735
26.188705 2.878985
26.257624 2.839427
26.211618 2.864894
26.255331 2.853312
26.204170 2.860148
26.236561 2.862281
26.225084 2.847081
26.239426 2.844977
26.253798 2.832448
18.199150 2.052361
26.223711 2.858815
26.234818 2.862997
26.263582 2.822668
26.250408 2.840281
26.233486 2.849178
26.209229 2.878785
26.235832 2.857576
26.210052 2.858500
26.252872 2.857624
26.226242 2.845516
26.258005 2.837240
26.239260 2.847814
26.231817 2.840484
26.225304 2.861941
26.269476 2.814173
26.177422 2.882566
18.126835 2.106637
26.226599 2.865373
26.281712 2.818364
26.199884 2.849246
26.257284 2.840411
26.289959 2.806806
26.260401 2.827133
26.247183 2.837984
26.277611 2.824314
18.114594 2.109098
26.221350 2.849335
26.268093 2.821790
26.250607 2.833152
26.300043 2.805590
26.241417 2.833472
26.247190 2.843559
26.251133 2.850396
26.228109 2.858254
26.269590 2.824192
26.222906 2.848339
26.251091 2.834728
26.233624 2.854221
26.296181 2.807286
26.260895 2.813886
26.242945 2.844959
26.256994 2.842141
26.301336 2.794765
26.205540 2.861868
26.254444 2.838933
26.236988 2.869029
26.201162 2.855363
26.273424 2.818123
26.225084 2.847081
26.201443 2.848539
26.278982 2.807500
26.204987 2.858166
26.264442 2.832308
26.193111 2.877444
26.230282 2.849202
26.214962 2.842120
26.276262 2.830090
26.222036 2.852337
26.195354 2.863444
26.263083 2.831268
26.255768 2.827574
26.263908 2.831012
26.220308 2.856907
26.251133 2.850396
26.196957 2.863440
26.218807 2.859116
26.257284 2.840411
26.240400 2.839857
26.224348 2.863883
26.265985 2.830447
26.185699 2.873291
26.245218 2.839395
26.256393 2.826775
26.274673 2.817038
26.205278 2.867119
26.262119 2.830771
26.237400 2.853204
21.845884 2.882912
26.217987 2.847297
26.186930 2.887944
26.281731 2.815722
26.252796 2.830086
18.102268 2.110547
26.220053 2.852468
26.179031 2.886035
26.239059 2.840962
26.235832 2.857576
26.225016 2.852623
26.237282 2.838470
26.211618 2.864894
26.222349 2.859239
26.237282 2.838470
26.296375 2.824756
26.253521 2.839809
26.224197 2.853328
26.237644 2.833524
26.199528 2.850949
26.227804 2.855263
26.223026 2.848727
26.224483 2.854498
26.218348 2.864386
26.277082 2.822981
26.263609 2.829464
26.307262 2.819357
26.222036 2.852337
26.235600 2.845550
26.225180 2.862392
26.277611 2.824314
26.260490 2.846254
26.220465 2.859710
26.227600 2.844735
18.086483 2.131654
26.262037 2.845653
26.189161 2.884661
26.217678 2.852553
26.252438 2.837711
26.220825 2.858796
26.245293 2.845547
26.201162 2.855363
26.170893 2.887769
26.296181 2.807286
26.215271 2.847022
26.233854 2.860049
26.269047 2.837583
26.221609 2.860795
26.252796 2.830086
26.277611 2.824314
26.251917 2.851430
26.245300 2.833631
26.226175 2.856355
26.267040 2.804108
26.204157 2.847483
26.230562 2.846825
26.280865 2.822419
21.870672 2.866739
26.237644 2.833524
26.224638 2.863295
26.218002 2.876359
26.281731 2.815722
26.233023 2.843100
26.308710 2.793046
26.241488 2.837706
22.036444 2.520070
26.294447 2.793606
26.283594 2.806569
26.238882 2.857899
26.215460 2.855814
31.002813 4.709051
26.212118 2.857825
26.202570 2.881924
26.251177 2.834797
26.240219 2.831506
26.239494 2.834101
26.272034 2.819011
26.257647 2.837449
26.233091 2.849660
26.258299 2.834074
26.243872 2.851070
26.267584 2.813671
26.210346 2.865638
21.857004 2.870837
26.213539 2.862180
26.227804 2.841804
26.294737 2.828485
26.177422 2.882566
26.272137 2.830839
26.233957 2.864115
26.257832 2.829898
26.206972 2.859855
26.236561 2.862281
26.225250 2.851424
26.272034 2.819011
26.220371 2.864601
26.251696 2.838769
18.083775 2.115216
26.248415 2.858908
26.224348 2.863883
26.243860 2.866571
26.254477 2.821180
26.215271 2.847022
22.022423 2.521320
26.233446 2.846198
26.223806 2.838945
26.227823 2.835339
26.221581 2.857559
26.256393 2.826775
26.177780 2.891787
26.305878 2.800742
26.221300 2.859262
26.272802 2.823526
26.223665 2.863456
26.177422 2.882566
26.203739 2.875661
26.198797 2.871406
26.267084 2.828605
26.211584 2.877649
26.201162 2.855363
26.235264 2.847719
26.248716 2.832433
26.208895 2.866531
26.241488 2.837706
26.246773 2.842778
26.211618 2.864894
18.195503 2.055517
26.235832 2.857576
26.280865 2.822419
26.232588 2.864548
26.215567 2.858983
26.260895 2.813886
26.260490 2.846254
26.261946 2.807157
26.228918 2.857164
26.224638 2.863295
26.275826 2.820905
26.279297 2.831487
26.272802 2.823526
26.247822 2.822733
26.229422 2.847773
26.213001 2.854303
26.217785 2.866552
26.306404 2.791387
26.230728 2.868980
26.221745 2.860877
26.330299 2.789891
26.239059 2.840962
26.214619 2.859350
26.189974 2.871501
26.283449 2.813789
26.271086 2.819788
26.281731 2.815722
26.279297 2.831487
26.242392 2.836597
26.229389 2.846896
26.269306 2.836278
26.230398 2.845175
26.253777 2.819794
26.294483 2.794517
26.208326 2.871850
26.228399 2.842706
26.225975 2.862486
26.283449 2.813789
26.217012 2.863633
26.247190 2.843559
26.288954 2.800223
26.224648 2.841824
26.200489 2.875505
26.225801 2.848525
26.283449 2.813789
26.233486 2.849178
26.218348 2.864386
26.258316 2.825279
26.210346 2.865638
26.219711 2.848962
26.287432 2.809399
26.236988 2.869029
18.199150 2.052361
26.292034 2.813406
26.213001 2.854303
26.226021 2.850609
26.204157 2.847483
21.845884 2.882912
26.243872 2.851070
26.227804 2.855263
26.237213 2.856730
26.258001 2.829753
21.797121 2.876801
26.228966 2.855509
26.293280 2.801876
26.209179 2.877366
26.252254 2.833124
26.201233 2.865444
26.268511 2.828432
26.213451 2.867553
26.242180 2.856745
26.203333 2.857690
26.251917 2.851430
26.223806 2.838945
26.222883 2.854014
26.227804 2.855263
26.243710 2.828483
26.227259 2.849108
26.254671 2.837836
26.227770 2.858112
26.222378 2.856310
26.168314 2.892248
26.246870 2.850158
18.195503 2.055517
26.263494 2.825716
26.300043 2.805590
26.241028 2.843706
26.251091 2.834728
26.224363 2.863944
26.208853 2.877501
26.239426 2.844977
26.211849 2.868231
26.270393 2.820432
26.232794 2.843742
26.251133 2.850396
26.187239 2.880484
26.255775 2.844149
26.204252 2.857599
26.264671 2.834530
26.228918 2.857164
21.845884 2.882912
26.300043 2.805590
18.102268 2.110547
26.218611 2.858643
26.233770 2.843166
26.242031 2.837648
26.240721 2.852188
26.337519 2.782239
26.281984 2.815154
26.274673 2.817038
26.213451 2.867553
26.253777 2.819794
26.248415 2.858908
26.234709 2.861362
26.227417 2.848276
26.224730 2.857175
26.217785 2.866552
26.198740 2.889987
26.186930 2.887944
26.236561 2.862281
26.312593 2.788825
26.226137 2.839967
26.216448 2.860906
26.253798 2.832448
26.214716 2.857131
26.197989 2.867947
26.287432 2.809399
26.240597 2.853750
26.213224 2.869672
26.222387 2.852614
26.246286 2.844550
18.119568 2.105924
26.287432 2.809399
26.258316 2.825279
26.265219 2.830796
26.293438 2.811714
26.216793 2.855848
26.239529 2.839321
26.267666 2.836557
26.237431 2.863460
26.239426 2.844977
26.281544 2.816640
26.241028 2.843706
26.270277 2.845065
26.301336 2.794765
26.263083 2.831268
26.214607 2.861950
26.232912 2.842867
26.240219 2.831506
26.223087 2.852858
26.233624 2.854221
26.223417 2.844260
26.255299 2.828709
26.243195 2.840446
26.254114 2.840456
26.197863 2.864557
26.223417 2.844260
26.242260 2.834873
26.267040 2.804108
26.307262 2.819357
26.220537 2.857059
26.236523 2.855631
26.226599 2.865373
26.221464 2.854071
26.337519 2.782239
26.258005 2.837240
26.282734 2.832314
26.250607 2.833152
26.211584 2.877649
26.262028 2.839036
26.219273 2.867774
26.236523 2.855631
26.216963 2.862262
26.250607 2.833152
26.206804 2.867500
26.227417 2.848276
26.224648 2.841824
26.245300 2.833631
26.226515 2.866280
26.230282 2.849202
26.216301 2.856695
26.283594 2.806569
26.236561 2.862281
26.230398 2.845175
26.259480 2.845389
26.296181 2.807286
26.214737 2.863321
26.279602 2.823287
26.300043 2.805590
22.021059 2.524648
26.211718 2.839691
26.233404 2.832561
26.248117 2.850704
26.220053 2.852468
26.256882 2.842745
26.207865 2.855731
21.912331 2.859246
26.228760 2.862723
26.246937 2.835065
26.211390 2.867066
26.251177 2.834797
26.196705 2.861502
26.201075 2.862097
26.263876 2.824600
26.241562 2.851987
26.241562 2.851987
26.233446 2.846198
26.297245 2.809407
26.226175 2.856355
26.180269 2.891645
26.186930 2.887944
26.230602 2.837749
26.296375 2.824756
26.282734 2.832314
26.295172 2.819155
26.272802 2.823526
26.243872 2.851070
26.227804 2.855263
26.206076 2.868897
26.240711 2.858155
26.197989 2.867947
26.238882 2.857899
26.211390 2.867066
26.223806 2.838945
26.225611 2.853996
26.227041 2.844026
26.189974 2.871501
26.233446 2.846198
26.293438 2.811714
26.296375 2.824756
26.272034 2.819011
26.224855 2.838797
26.217678 2.852553
26.230282 2.849202
26.223372 2.859539
26.258968 2.855458
26.277485 2.831528
26.232912 2.842867
26.249630 2.824234
26.221581 2.857559
26.284966 2.820266
26.218807 2.859116
26.257624 2.839427
26.223026 2.848727
26.242180 2.856745
26.254807 2.839058
26.210552 2.854378
33.705833 1.580939
26.224648 2.841824
26.234163 2.833381
26.230740 2.846265
26.248716 2.832433
26.333715 2.797179
26.228966 2.855509
26.294447 2.793606
26.253777 2.819794
26.188459 2.866098
26.271555 2.850016
26.235947 2.835183
26.269590 2.824192
26.286911 2.825884
26.281731 2.815722
26.253542 2.819804
26.259386 2.834743
26.221464 2.854071
26.236988 2.869029
26.288260 2.826211
26.204313 2.867234
26.233435 2.855483
26.251177 2.834797
26.269306 2.836278
26.209536 2.850194
26.248117 2.850704
26.227417 2.848276
18.195503 2.055517
26.240721 2.852188
28.563305 2.808558
26.213881 2.862790
26.240465 2.838067
26.198797 2.871406
26.231997 2.847667
26.227804 2.855263
26.233435 2.870617
26.197351 2.863959
26.288549 2.820259
26.201233 2.865444
26.252796 2.830086
26.231590 2.852638
26.239426 2.844977
26.193111 2.877444
21.864807 2.873223
26.245390 2.849386
26.250408 2.840281
26.201162 2.855363
26.279028 2.821636
26.222031 2.846361
26.282343 2.819941
26.275936 2.828517
26.224638 2.863295
26.228966 2.855509
26.230398 2.845175
26.296816 2.816786
26.283178 2.807537
26.285122 2.816244
26.204313 2.867234
26.307262 2.819357
26.262098 2.842977
26.301336 2.794765
26.263908 2.831012
21.847775 2.878151
26.255527 2.839098
26.266006 2.853385
26.221745 2.860877
26.228182 2.858176
26.242424 2.860489
26.223026 2.848727
26.270132 2.814311
26.222031 2.846361
26.254114 2.840456
26.240721 2.852188
26.230379 2.855376
26.269222 2.827906
26.310627 2.798885
26.188705 2.878985
26.240400 2.839857
26.206804 2.867500
26.210552 2.854378
26.226650 2.843857
26.210094 2.861130
26.238651 2.845283
26.266006 2.853385
26.248241 2.838246
26.228109 2.858254
26.267172 2.839610
21.831854 2.868399
26.268318 2.827153
26.279297 2.831487
26.219345 2.860715
26.244066 2.853935
26.275116 2.807107
26.275116 2.807107
26.243872 2.851070
26.254112 2.852701
26.245390 2.849386
26.211618 2.864894
26.279297 2.831487
26.220284 2.849943
26.224363 2.863944
26.249020 2.822915
26.185699 2.873291
26.226021 2.850609
26.279297 2.831487
26.204981 2.866503
26.243839 2.849487
26.263969 2.828160
26.195354 2.863444
18.114594 2.109098
18.126835 2.106637
26.230602 2.837749
26.215567 2.858983
26.223101 2.859538
26.281544 2.816640
26.263609 2.829464
26.239494 2.834101
26.202572 2.872628
26.220127 2.867620
26.263908 2.831012
26.233624 2.854221
26.267313 2.832065
21.797121 2.876801
26.266006 2.853385
26.217754 2.855991
26.199797 2.873097
26.229422 2.847773
26.247730 2.833276
26.279297 2.831487
26.198797 2.871406
26.281731 2.815722
26.220127 2.867620
26.250090 2.832263
26.211861 2.862133
26.285122 2.816244
26.253777 2.819794
26.242479 2.840610
26.214619 2.859350
26.252438 2.837711
26.241028 2.843706
26.226599 2.865373
26.245613 2.830793
26.215460 2.855814
26.212822 2.865288
26.258682 2.822450
26.283594 2.806569
26.233957 2.864115
26.295387 2.806928
26.275936 2.828517
26.198797 2.871406
26.207876 2.870183
26.276262 2.830090
26.252254 2.833124
22.021059 2.524648
26.263083 2.831268
26.236988 2.869029
26.272018 2.831954
26.220127 2.867620
26.263969 2.828160
26.254807 2.839058
26.333715 2.797179
26.253777 2.819794
26.257284 2.840411
26.253777 2.819794
26.228397 2.862558
26.268959 2.829243
26.237213 2.856730
26.280058 2.801388
26.251091 2.834728
26.295172 2.819155
26.187239 2.880484
26.233957 2.864115
26.226137 2.839967
26.255775 2.844149
26.265219 2.830796
26.259790 2.835566
26.201443 2.848539
26.306349 2.805912
26.281712 2.818364
26.215723 2.866455
18.132456 2.093796
26.246643 2.856057
31.233114 8.559794
26.287554 2.803017
26.243505 2.847151
26.231636 2.869139
26.210552 2.854378
26.253834 2.837900
26.237286 2.841419
26.227770 2.858112
26.202572 2.872628
26.226137 2.839967
26.267969 2.845512
21.864428 2.865609
26.234249 2.841488
26.263083 2.831268
26.201942 2.882182
26.213758 2.854882
26.186930 2.887944
26.258001 2.829753
26.204170 2.860148
26.207865 2.855731
26.267040 2.804108
26.285122 2.816244
26.235893 2.862370
26.217012 2.863633
26.254112 2.852701
26.266006 2.853385
26.221745 2.860877
26.189974 2.871501
26.197351 2.863959
26.236944 2.847027
26.235947 2.835183
26.204157 2.847483
26.296181 2.807286
26.199528 2.850949
26.213757 2.857103
26.280865 2.822419
26.252171 2.850489
26.210346 2.865638
26.141138 2.905229
26.207865 2.855731
26.217024 2.872755
26.263582 2.822668
26.201233 2.865444
26.220127 2.867620
26.226683 2.852939
26.275503 2.821932
26.223303 2.866900
26.227390 2.860744
26.280874 2.816965
26.233574 2.840975
26.267172 2.839610
26.251133 2.850396
26.243320 2.832005
26.237431 2.863460
26.202572 2.872628
26.222601 2.842301
26.241417 2.833472
26.241488 2.837706
26.227600 2.844735
26.179031 2.886035
26.301336 2.794765
26.255775 2.844149
26.214394 2.856724
26.283594 2.806569
26.247730 2.833276
26.307262 2.819357
26.211861 2.862133
26.237282 2.838470
26.227041 2.844026
26.218416 2.854319
26.261005 2.820860
26.214619 2.859350
26.267313 2.832065
26.264944 2.830048
26.275116 2.807107
26.243839 2.849487
26.246937 2.835065
26.221300 2.859262
26.234163 2.833381
26.333715 2.797179
26.209229 2.878785
26.232912 2.842867
26.180698 2.864152
26.265011 2.838376
26.204981 2.866503
26.232912 2.842867
26.266006 2.853385
26.265011 2.838376
26.266006 2.853385
26.268318 2.827153
26.216301 2.856695
26.221464 2.854071
26.244646 2.836655
26.222031 2.846361
26.248598 2.845691
26.288260 2.826211
26.233854 2.860049
26.243872 2.851070
26.210552 2.854378
26.250408 2.840281
18.102268 2.110547
26.262045 2.855817
26.277485 2.831528
26.250607 2.833152
21.816404 2.880222
26.252142 2.827941
26.257832 2.828417
26.275116 2.807107
26.250265 2.844494
26.199884 2.849246
26.229389 2.846896
26.312593 2.788825
26.266333 2.825180
26.201233 2.865444
18.114594 2.109098
26.216448 2.860906
26.253084 2.850732
18.123779 2.094565
26.279297 2.831487
26.258301 2.847134
26.289083 2.827819
26.207865 2.855731
26.280313 2.822301
26.229422 2.847773
26.186930 2.887944
26.215567 2.858983
26.214619 2.859350
26.239426 2.831662
26.177422 2.882566
26.203333 2.857690
26.241028 2.843706
26.258820 2.852405
26.251945 2.842030
26.231817 2.840484
26.211861 2.862133
21.816404 2.880222
26.239260 2.847814
21.870575 2.871346
26.207865 2.855731
18.199150 2.052361
26.215723 2.866455
26.262045 2.855817
26.230740 2.846265
26.233624 2.854221
26.242031 2.837648
26.243872 2.851070
26.266333 2.825180
26.239380 2.852271
26.233091 2.849660
26.263458 2.837050
26.283449 2.813789
26.229422 2.847773
26.266333 2.825180
26.212053 2.854987
26.235600 2.845550
26.204157 2.847483
26.217987 2.847297
26.248598 2.845691
26.233435 2.870617
26.227770 2.858112
26.273424 2.818123
26.190132 2.882928
26.237400 2.853204
31.221960 8.545178
26.185699 2.873291
26.229422 2.847773
26.198797 2.871406
18.102268 2.110547
26.197351 2.863959
26.236561 2.862281
26.235600 2.845550
26.221581 2.857559
26.255268 2.843293
26.204313 2.867234
26.332903 2.771353
26.208046 2.864963
26.239529 2.839321
26.259577 2.850633
26.243710 2.828483
26.267666 2.836557
26.219296 2.843598
26.248117 2.850704
26.301336 2.794765
26.200489 2.875505
22.036444 2.520070
26.222349 2.859239
26.216448 2.860906
26.247023 2.836474
26.301336 2.794765
22.021059 2.524648
21.393152 2.500784
26.279297 2.831487
26.185699 2.873291
26.230282 2.849202
26.210552 2.854378
26.305836 2.817630
26.227823 2.835339
21.845884 2.882912
26.204981 2.866503
26.218462 2.866051
26.223665 2.863456
26.211618 2.864894
26.236561 2.862281
26.215126 2.851349
26.254807 2.839058
26.211382 2.855676
26.243320 2.832005
26.268318 2.827153
26.233854 2.860049
26.239260 2.847814
26.257624 2.839427
21.864807 2.873223
26.247190 2.843559
26.273424 2.818123
26.259577 2.850633
26.273424 2.818123
26.224855 2.838797
26.245613 2.830793
26.212194 2.865620
26.281984 2.815154
26.217785 2.866552
26.314409 2.811071
26.232794 2.843742
26.226191 2.867315
26.241028 2.843706
26.221464 2.854071
26.245293 2.845547
26.220127 2.867620
26.259480 2.845389
26.218348 2.864386
26.233404 2.832561
26.230379 2.855376
26.232912 2.842867
26.238546 2.846956
26.194204 2.868143
26.251945 2.842030
26.222883 2.854014
21.892380 2.850439
26.206076 2.868897
26.208281 2.849472
26.224638 2.863295
26.180269 2.891645
26.226191 2.867315
26.255775 2.844149
26.224348 2.863883
26.247730 2.833276
26.241028 2.843706
26.177422 2.882566
26.226175 2.856355
26.247190 2.843559
26.213758 2.854882
26.269966 2.849393
26.218462 2.866051
26.282734 2.832314
26.243872 2.851070
26.282621 2.826000
18.151491 2.084200
26.263582 2.822668
26.217785 2.866552
26.242334 2.835881
26.245293 2.845547
26.229389 2.846896
26.235893 2.862370
26.224648 2.841824
26.253798 2.832448
26.244646 2.836655
26.210552 2.854378
26.273371 2.828100
26.242821 2.851588
26.219273 2.867774
26.213938 2.856640
26.253777 2.819794
26.233624 2.854221
21.870575 2.871346
26.251133 2.850396
26.259577 2.850633
26.242479 2.840610
26.224573 2.854889
26.186930 2.887944
26.217678 2.852553
26.243187 2.846738
26.215271 2.847022
26.255268 2.843293
26.247023 2.836474
26.228966 2.855509
26.239426 2.844977
26.227823 2.835339
26.254114 2.840456
26.268318 2.827153
26.233446 2.846198
26.245066 2.844078
26.195354 2.863444
26.228109 2.858254
26.297894 2.807008
26.293438 2.811714
26.243839 2.849487
26.250944 2.832260
26.256393 2.826775
26.254114 2.840456
26.257284 2.840411
26.200424 2.872849
26.223372 2.859539
26.212053 2.854987
26.235600 2.845550
26.287432 2.809399
26.239529 2.839321
26.251945 2.842030
26.300043 2.805590
26.187239 2.880484
26.251133 2.850396
26.215218 2.857068
26.263969 2.828160
26.282734 2.832314
26.285122 2.816244
26.220284 2.849943
26.251133 2.850396
26.305836 2.817630
26.262098 2.842977
26.265717 2.822664
26.253777 2.819794
26.240721 2.852188
26.196705 2.861502
26.248100 2.859638
26.228399 2.842706
26.213001 2.854303
26.211861 2.862133
26.234249 2.841488
26.281544 2.816640
26.185699 2.873291
26.207865 2.855731
26.263969 2.828160
26.211618 2.864894
26.203817 2.870865
26.188705 2.878985
26.211618 2.864894
26.224483 2.854498
26.247183 2.837984
26.265011 2.838376
26.213451 2.867553
26.245646 2.848083
26.267040 2.804108
26.230282 2.849202
26.213938 2.856640
26.274673 2.817038
26.258299 2.834074
26.337519 2.782239
26.258005 2.837240
26.245293 2.845547
26.284966 2.820266
26.252171 2.850489
21.797121 2.876801
26.198484 2.849124
26.245453 2.849494
26.226175 2.856355
26.254114 2.840456
18.102268 2.110547
26.231817 2.840484
26.225084 2.847081
26.295172 2.819155
26.223372 2.859539
26.213570 2.864037
26.209536 2.850194
26.244066 2.853935
26.267040 2.804108
26.202660 2.865926
26.233486 2.849178
26.245293 2.845547
26.217678 2.852553
26.228399 2.842706
26.283449 2.813789
26.231817 2.840484
26.217678 2.852553
26.203260 2.870351
26.231817 2.840484
26.288549 2.820259
26.231590 2.852638
26.247023 2.836474
26.236988 2.869029
26.253542 2.819804
26.230398 2.845175
26.238546 2.846956
26.226370 2.859677
26.255527 2.839098
26.242031 2.837648
26.240219 2.831506
26.280865 2.822419
26.252872 2.857624
26.281731 2.815722
26.213123 2.860186
26.248598 2.845691
26.203260 2.870351
26.251917 2.851430
26.312593 2.788825
21.797121 2.876801
26.217012 2.863633
26.216448 2.860906
26.222031 2.846361
31.233114 8.559794
26.203260 2.870351
26.247023 2.836474
26.228968 2.853099
26.228966 2.855509
26.224648 2.841824
26.287432 2.809399
26.224949 2.844887
26.257832 2.828417
26.246643 2.856057
26.230282 2.849202
26.229389 2.846896
26.220371 2.864601
21.797121 2.876801
26.272802 2.823526
26.269590 2.824192
26.233574 2.840975
26.209496 2.867553
26.251945 2.842030
26.272802 2.823526
31.233114 8.559794
26.228397 2.862558
26.293438 2.811714
26.208853 2.877501
26.258646 2.835234
26.246643 2.856057
26.211618 2.864894
26.251091 2.834728
26.297245 2.809407
26.243872 2.851070
26.263083 2.831268
26.226191 2.867315
26.266333 2.825180
26.198484 2.849124
26.266333 2.825180
26.337519 2.782239
26.235832 2.857576
26.228918 2.857164
26.214619 2.859350
26.285122 2.816244
26.216301 2.856695
26.228821 2.854228
26.196957 2.863440
26.236561 2.862281
26.211382 2.855676
26.296375 2.824756
26.295387 2.806928
26.308954 2.798212
26.220127 2.867620
26.230282 2.849202
26.243839 2.849487
26.276695 2.825562
26.266737 2.823320
26.242424 2.860489
26.203333 2.857690
26.213263 2.855439
26.245300 2.833631
26.239380 2.852271
26.223372 2.859539
26.252872 2.857624
26.198797 2.871406
26.215723 2.866455
26.212011 2.876665
26.211618 2.864894
26.279297 2.831487
26.220465 2.859710
26.207491 2.858508
26.249630 2.824234
26.227041 2.844026
26.221350 2.849335
26.233957 2.864115
26.239260 2.847814
18.083775 2.115216
26.241488 2.837706
26.232794 2.843742
26.217920 2.847186
26.233957 2.864115
26.283449 2.813789
28.563305 2.808558
26.227804 2.841804
26.250090 2.832263
26.268959 2.829243
26.267666 2.836557
26.297894 2.807008
26.296375 2.824756
26.203260 2.870351
26.258005 2.837240
26.283594 2.806569
26.211382 2.855676
26.220825 2.858796
26.266006 2.853385
26.226175 2.856355
26.277485 2.831528
26.279394 2.828924
26.224483 2.854498
26.220053 2.852468
26.217987 2.847297
26.269590 2.824192
26.294447 2.793606
26.241028 2.843706
18.119568 2.105924
26.198797 2.871406
26.263609 2.829464
26.220127 2.867620
26.202570 2.881924
26.247023 2.836474
26.255211 2.833540
26.241488 2.837706
26.199884 2.849246
26.239260 2.847814
26.227417 2.848276
26.224855 2.838797
26.238882 2.857899
26.279119 2.816961
26.218002 2.876359
26.231537 2.858877
