46.727982 3.342264
54.522064 2.796894
53.352406 2.401981
54.521378 2.792407
54.332253 3.560341
46.790436 3.297263
53.606712 2.665002
46.965618 3.535321
46.710045 3.471181
53.691433 2.716218
54.458961 2.812494
54.532669 2.784172
53.694626 2.719207
46.727982 3.342264
54.522064 2.796894
54.494915 2.784555
54.513931 2.814612
52.844906 2.322371
54.538925 2.819077
46.702332 3.336546
54.518517 2.807485
54.519585 2.813883
54.473495 2.866590
52.840584 2.325243
54.484413 2.889944
54.558819 2.813043
54.535938 2.876618
46.679207 3.327240
46.882259 3.526192
46.926449 3.542521
54.473965 2.829488
54.486404 2.828675
54.469360 2.791368
54.521530 2.808528
54.515163 2.814009
53.704742 2.718647
54.280460 3.577634
46.868298 3.507804
46.905716 3.513666
54.281101 3.568352
53.330845 2.415936
46.798283 3.312827
46.862598 3.537031
54.501350 2.840171
51.514732 2.410037
54.527103 2.798707
54.543617 2.794953
46.781925 3.529782
54.532993 2.795491
53.302776 2.425523
54.476059 2.828288
54.534355 2.794077
46.837208 3.476370
51.487686 2.457049
50.171070 2.518422
54.523911 2.763496
53.306499 2.434546
53.602497 2.681712
46.698139 3.339665
51.461716 2.452799
46.932617 3.539724
54.486782 2.789536
46.786518 3.462427
54.276310 3.573535
54.506409 2.779849
46.713360 3.337855
54.555798 2.785493
46.732887 3.412909
51.466793 2.450549
51.438793 2.477272
54.470402 2.847591
54.567554 2.778793
53.681950 2.729609
46.809242 3.449572
46.749973 3.454556
54.520603 2.817565
51.486137 2.441290
46.711784 3.425968
46.703079 3.336224
46.884235 3.527398
54.525471 2.802694
46.757549 3.473114
46.840385 3.474060
54.530128 2.821092
54.505978 2.775527
54.494698 2.765897
54.475880 2.828862
54.476059 2.828288
52.110008 2.464884
46.706223 3.419661
51.460911 2.454237
54.494915 2.784555
54.522167 2.820380
54.294594 3.565862
46.809078 3.528832
54.513931 2.814612
54.524261 2.801677
54.485897 2.839649
46.898758 3.503475
46.902523 3.515995
54.484867 2.798058
54.523289 2.832898
46.905716 3.513666
52.852741 2.314667
46.790436 3.297263
46.888855 3.506962
46.936790 3.526302
51.451775 2.481188
54.236622 3.578960
51.438793 2.477272
46.934280 3.465750
51.507179 2.445697
54.537315 2.880308
46.783550 3.288724
46.700760 3.337871
54.483078 2.825589
46.700760 3.337871
54.530689 2.806244
46.780514 3.315372
53.374119 2.389390
54.304554 3.563697
54.479973 2.794993
54.302841 3.579284
54.567486 2.797561
54.495232 2.832932
54.300316 3.559796
46.944622 3.540314
54.447739 2.896745
54.530571 2.824125
52.865261 2.311581
54.438931 2.920610
54.253407 3.583322
51.465191 2.461782
51.481102 2.457968
54.541473 2.887110
46.715652 3.500667
51.465656 2.450595
54.284519 3.569300
46.767151 3.285178
46.767277 3.413069
54.528053 2.789913
54.495232 2.832932
54.534660 2.793339
54.536999 2.803639
46.889698 3.470064
46.944641 3.526002
54.529881 2.757336
51.460911 2.454237
46.936790 3.526302
52.852257 2.317421
46.889912 3.507433
46.888954 3.513394
54.548519 2.778004
46.899586 3.540551
46.809635 3.284383
54.526852 2.804680
51.469513 2.446092
46.889351 3.509746
46.736603 3.298217
54.517719 2.807907
50.171070 2.518422
50.423065 2.443139
54.291729 3.564857
53.621792 2.659974
46.880169 3.468800
54.534355 2.794077
46.699085 3.338639
51.433983 2.478946
46.858212 3.470392
46.702770 3.415362
46.914993 3.523630
54.286617 3.567030
54.546215 2.798448
54.525711 2.800230
54.282253 3.570581
46.934280 3.465750
54.544319 2.820655
54.536945 2.798835
54.489502 2.840622
53.689522 2.669869
46.798283 3.312827
46.913677 3.537956
46.771790 3.313195
53.692223 2.740458
54.493690 2.921702
46.751488 3.315674
46.896854 3.476593
46.881897 3.511536
51.424446 2.475163
46.786518 3.462427
46.890022 3.526731
54.541294 2.792610
54.532669 2.784172
52.913517 2.285174
53.715744 2.711224
54.555798 2.785493
54.511646 2.819183
54.513695 2.810629
54.280460 3.577634
51.482353 2.442427
46.677856 3.327934
54.473495 2.866590
46.896240 3.481798
46.862850 3.521239
54.525711 2.800230
46.677494 3.333176
46.888237 3.508509
54.554550 2.791535
54.521530 2.808528
52.854176 2.315566
46.740292 3.469716
54.555798 2.785493
54.514732 2.816742
46.689281 3.342647
54.510979 2.820661
46.882507 3.513710
54.510902 2.813138
46.727982 3.342264
46.811226 3.529453
54.457836 2.876545
54.506409 2.779849
54.552860 2.795018
46.969624 3.543453
46.699444 3.428581
52.879715 2.300006
54.487225 2.876735
46.711788 3.340834
54.515057 2.897614
53.396214 2.366755
54.534660 2.793339
54.476059 2.828288
54.492565 2.820916
51.465191 2.461782
53.339897 2.411900
54.514622 2.893328
54.527374 2.828430
54.502934 2.870577
54.467800 2.847406
54.302841 3.579284
46.768009 3.341482
51.474403 2.447237
54.536385 2.798765
54.571461 2.792605
54.507240 2.811133
53.612175 2.663529
46.951317 3.507078
51.487686 2.457049
54.472115 2.872032
51.463066 2.452169
46.730961 3.344408
54.529881 2.757336
46.677856 3.327934
54.507633 2.910840
54.540802 2.797973
46.777710 3.326864
46.913406 3.540016
54.508774 2.817847
54.447739 2.896745
46.888855 3.506962
52.859451 2.312059
54.573502 2.767947
54.527981 2.826560
51.447300 2.455360
54.294292 3.558887
46.732887 3.412909
54.509621 2.817731
54.514164 2.806946
54.481258 2.839701
54.554550 2.791535
46.801876 3.286626
54.294544 3.564822
54.305916 3.563549
46.700760 3.337871
53.630009 2.651052
54.521530 2.808528
46.777710 3.326864
54.480991 2.827655
46.727982 3.342264
54.515224 2.904119
46.875294 3.544990
46.730961 3.344408
52.854176 2.315566
52.917114 2.271148
52.904289 2.292072
46.755131 3.422998
54.534725 2.795522
53.352406 2.401981
46.965782 3.527620
51.467628 2.467346
54.457401 2.813405
52.868607 2.308916
53.663586 2.636045
54.291061 3.566237
46.708122 3.502361
54.499229 2.849039
54.500389 2.913671
46.754299 3.469721
46.702633 3.429299
46.780109 3.281090
54.557133 2.865040
54.527485 2.883658
46.892303 3.543064
46.780014 3.292078
52.895702 2.257462
54.512993 2.818039
54.507896 2.816301
53.345222 2.407242
54.475716 2.789265
54.507896 2.816301
54.522167 2.820380
53.630009 2.651052
50.498383 2.404013
46.882320 3.513978
54.532669 2.784172
46.956463 3.524812
54.535683 2.796218
54.548084 2.810418
46.902031 3.541645
52.904289 2.292072
51.475235 2.461247
46.796932 3.288599
54.305149 3.554849
54.507896 2.816301
46.793369 3.563008
53.681950 2.729609
46.708122 3.502361
53.609581 2.659084
54.477554 2.845397
46.692131 3.336723
46.918869 3.544968
51.499084 2.454898
54.526985 2.796787
54.510979 2.820661
54.519573 2.807643
46.679207 3.327240
46.882259 3.526192
46.908684 3.512140
53.619022 2.653602
52.844906 2.322371
46.774773 3.470257
54.503273 2.777664
54.498188 2.814413
46.889698 3.470064
54.504463 2.806096
53.331345 2.415104
54.486897 2.850941
54.280460 3.577634
46.780148 3.290359
54.492565 2.820916
46.825905 3.483779
54.467659 2.878775
54.539749 2.807024
54.520603 2.817565
54.548084 2.810418
52.912415 2.287312
54.557133 2.865040
54.486782 2.789536
54.517719 2.807907
51.499084 2.454898
54.518867 2.793982
54.520672 2.805724
46.806648 3.468723
54.531052 2.808879
52.181816 2.498555
54.540798 2.793075
54.521690 2.825422
54.482159 2.794313
51.424046 2.474045
51.514732 2.410037
46.926449 3.542521
54.430279 2.937928
52.110008 2.464884
54.313969 3.558064
54.529205 2.827268
54.544163 2.795342
46.918308 3.549710
54.515606 2.799236
51.536564 2.450891
46.896854 3.476593
54.281101 3.568352
46.896854 3.476593
53.685825 2.746446
54.458885 2.915722
46.881897 3.511536
50.165993 2.520137
46.700760 3.337871
46.710045 3.471181
52.912415 2.287312
53.663296 2.767429
54.253407 3.583322
54.264381 3.571970
46.668419 3.413095
46.730961 3.344408
54.522984 2.809539
51.486137 2.441290
46.929150 3.537393
54.300949 3.562929
53.689613 2.734510
54.521690 2.825422
51.542000 2.434835
46.709091 3.337590
46.929150 3.537393
50.130955 2.419235
52.886051 2.289993
54.498188 2.814413
54.503273 2.777664
46.834160 3.568517
46.956463 3.524812
54.522984 2.809539
54.264381 3.571970
46.912651 3.465947
54.489727 2.786883
54.520786 2.803155
46.757965 3.420736
46.710503 3.454752
53.630386 2.651415
46.888237 3.508509
51.461716 2.452799
54.573502 2.767947
53.606712 2.665002
46.907078 3.478158
46.677856 3.327934
46.902031 3.541645
54.494999 2.822783
46.930843 3.539548
54.502766 2.812956
46.774773 3.470257
51.456650 2.477139
46.677856 3.327934
46.896240 3.481798
51.424446 2.475163
54.542816 2.791453
46.956463 3.524812
54.486523 2.787228
54.457401 2.813405
46.860836 3.516110
54.537510 2.821269
46.847507 3.483116
52.186440 2.497460
52.913517 2.285174
54.514732 2.816742
46.758781 3.293715
46.882320 3.513978
46.711788 3.340834
54.507896 2.816301
50.454494 2.402415
46.780514 3.315372
53.629002 2.641379
46.905716 3.513666
52.110008 2.464884
54.486897 2.850941
46.770924 3.289558
54.501656 2.888472
54.428001 2.925287
46.732887 3.412909
52.110008 2.464884
54.484867 2.798058
53.320583 2.420182
51.467415 2.461931
54.498188 2.814413
54.513931 2.814612
54.487980 2.819191
46.951431 3.544756
46.699085 3.338639
54.308552 3.575208
46.908459 3.568138
54.499325 2.845772
54.521378 2.792407
51.466793 2.450549
46.732887 3.412909
54.476059 2.828288
53.422390 2.349641
51.467712 2.463972
46.919548 3.533418
46.749805 3.302552
46.918308 3.549710
46.912651 3.465947
54.479073 2.788650
46.732342 3.337829
54.537025 2.806265
54.459209 2.912805
46.857788 3.482666
46.714737 3.338293
54.518867 2.793982
46.811226 3.529453
46.703079 3.336224
54.501656 2.888472
46.894924 3.462535
54.515354 2.800611
53.630386 2.651415
46.768932 3.340574
51.463066 2.452169
54.526985 2.796787
54.533447 2.795904
54.498188 2.814413
46.882507 3.513710
54.484653 2.856152
54.524456 2.828658
54.252258 3.602343
51.474403 2.447237
53.630009 2.651052
54.502556 2.829396
46.859833 3.561513
54.528210 2.798506
46.876877 3.540892
54.530128 2.821092
54.517719 2.807907
54.532993 2.795491
54.476421 2.799821
53.309803 2.420052
51.453075 2.469690
50.412659 2.445421
54.486759 2.820109
53.691433 2.716218
54.586323 2.780286
54.493336 2.912085
54.567486 2.797561
52.110008 2.464884
54.292999 3.563575
46.843330 3.528325
53.704945 2.732368
46.890293 3.467361
54.511444 2.814942
52.913517 2.285174
54.308552 3.575208
46.949707 3.525691
53.704742 2.718647
52.930740 2.274149
54.505917 2.861832
54.537510 2.821269
46.699017 3.328925
46.796177 3.289817
46.745300 3.342023
54.496830 2.818292
53.621792 2.659974
52.930740 2.274149
52.883060 2.298893
51.467728 2.471622
54.305916 3.563549
53.681950 2.729609
54.499229 2.849039
51.444752 2.463268
54.490784 2.824851
46.689457 3.322533
54.449013 2.916373
46.882507 3.513710
46.899586 3.540551
46.762508 3.339809
46.892303 3.543064
54.530128 2.821092
54.521530 2.808528
52.868607 2.308916
54.499504 2.831729
50.450188 2.420044
46.809242 3.449572
46.857788 3.482666
54.525711 2.800230
46.745529 3.503324
51.496056 2.447789
46.736526 3.503522
50.197945 2.486710
54.277626 3.577214
53.615120 2.663540
54.509869 2.806424
52.917114 2.271148
46.951431 3.544756
54.280460 3.577634
54.520603 2.817565
51.461716 2.452799
46.937168 3.537477
46.930767 3.538701
54.498188 2.814413
54.557133 2.865040
54.292118 3.564300
54.305916 3.563549
54.507179 2.807640
51.465656 2.450595
54.305149 3.554849
51.448452 2.470524
46.758781 3.293715
54.458961 2.812494
54.472759 2.846921
51.451252 2.471793
46.956463 3.524812
54.486889 2.869986
54.494217 2.832986
54.534145 2.804897
54.537315 2.880308
54.320850 3.572922
54.499504 2.831729
54.486500 2.780968
46.914074 3.513815
46.880367 3.516317
46.730839 3.425704
54.435528 2.924899
46.756226 3.292958
51.452286 2.458399
46.880367 3.516317
53.714420 2.636172
46.698139 3.339665
51.453915 2.454171
54.530956 2.793286
54.484867 2.798058
46.749279 3.494911
54.522167 2.794134
54.507496 2.814319
54.530956 2.793286
54.486382 2.830726
54.502934 2.870577
54.563732 2.786989
54.542816 2.791453
53.309803 2.420052
52.854176 2.315566
54.485897 2.839649
50.172539 2.392119
54.320850 3.572922
54.319176 3.556781
54.295303 3.565562
51.436798 2.467764
54.534145 2.804897
51.536564 2.450891
51.487686 2.457049
46.876877 3.540892
53.339710 2.399476
46.883633 3.568526
54.316578 3.561594
54.509007 2.809293
50.418640 2.427919
53.606712 2.665002
54.503273 2.777664
54.500389 2.913671
53.345222 2.408664
52.943966 2.257567
54.536999 2.803639
46.889698 3.470064
46.905716 3.513666
53.312653 2.418726
46.882931 3.461254
53.284481 2.439491
54.499306 2.819920
52.912415 2.287312
54.512993 2.818039
54.540592 2.825630
46.742050 3.306759
50.130955 2.419235
54.507896 2.816301
54.517719 2.807907
54.312481 3.556613
54.534660 2.793339
54.291061 3.566237
54.525711 2.800230
51.453075 2.469690
46.882259 3.526192
54.438931 2.920610
46.926449 3.542521
46.902031 3.541645
54.458961 2.812494
46.756790 3.452170
54.292999 3.563575
46.896240 3.481798
51.426727 2.471591
54.565140 2.798017
54.472000 2.840435
54.563732 2.786989
54.508720 2.900110
46.836357 3.483035
54.517719 2.807907
53.663586 2.636045
51.466793 2.450549
53.681850 2.749727
51.467712 2.463972
46.919567 3.524169
54.529881 2.757336
54.587273 2.786258
54.538837 2.822738
54.475716 2.789265
54.525711 2.800230
54.529457 2.814599
46.705944 3.427108
54.504463 2.806096
46.824745 3.280588
54.557133 2.865040
54.300316 3.559796
54.534355 2.794077
54.505917 2.861832
46.734112 3.410837
46.806648 3.468723
53.681950 2.729609
46.962826 3.526981
46.780014 3.292078
54.526501 2.792702
53.374119 2.389390
51.487328 2.461385
51.444752 2.463268
54.526985 2.796787
52.911846 2.243652
51.447300 2.455360
54.537510 2.821269
46.869225 3.532928
46.653152 3.329579
54.527103 2.798707
46.899929 3.509439
46.843094 3.521184
52.859451 2.312059
46.705944 3.427108
51.435219 2.455421
46.888855 3.506962
54.523911 2.763496
53.302505 2.433460
54.536434 2.791796
51.469513 2.446092
54.486759 2.820109
46.785885 3.473894
53.340149 2.409308
51.461716 2.452799
46.711788 3.340834
54.487980 2.819191
53.320583 2.420182
46.713963 3.428064
53.596466 2.666554
54.262840 3.572209
46.878502 3.575508
46.911095 3.538749
46.914993 3.523630
52.904289 2.292072
54.523911 2.763496
54.530956 2.793286
54.305916 3.563549
54.502766 2.812956
46.700760 3.337871
54.505238 2.844126
54.532669 2.784172
54.499657 2.820827
54.247185 3.573543
46.715275 3.322300
54.537189 2.811772
54.510979 2.820661
53.396214 2.366755
53.689175 2.670003
46.781925 3.529782
46.771790 3.313195
46.738594 3.336398
54.259426 3.569061
53.689522 2.669869
52.110008 2.464884
54.484867 2.798058
51.469517 2.449277
54.467659 2.878775
46.647583 3.328391
52.908688 2.285016
52.110008 2.464884
46.727982 3.342264
46.897663 3.542134
54.507896 2.816301
54.510902 2.813138
54.292118 3.564300
52.951653 2.244293
53.352406 2.401981
51.466793 2.450549
46.777660 3.449132
53.689613 2.734510
53.706745 2.716627
54.515163 2.814009
54.472115 2.872032
46.930767 3.538701
52.935654 2.268241
46.951431 3.544756
54.522167 2.794134
46.699017 3.328925
54.517094 2.797677
53.630009 2.651052
46.771629 3.455452
53.630386 2.651415
46.889366 3.528126
53.320583 2.420182
53.608486 2.663620
51.499084 2.454898
54.540802 2.797973
54.305916 3.563549
54.498188 2.814413
46.773655 3.461835
46.936829 3.560538
52.110008 2.464884
54.548672 2.809114
54.507896 2.816301
53.692223 2.740458
54.305149 3.554849
54.532669 2.784172
51.466793 2.450549
46.745953 3.475274
54.522747 2.808941
54.490185 2.823009
54.518867 2.793982
52.895306 2.298189
46.709091 3.337590
51.469513 2.446092
54.543617 2.794953
46.689457 3.322533
54.332253 3.560341
54.305149 3.554849
46.851345 3.524595
46.715275 3.322300
54.520672 2.805724
46.699444 3.428581
54.486782 2.789536
46.965782 3.527620
54.480766 2.841273
54.472202 2.886912
46.761166 3.503230
54.532669 2.784172
54.530483 2.803486
54.484867 2.798058
54.301640 3.564258
54.526985 2.796787
54.541294 2.792610
54.244694 3.575948
46.747990 3.334178
50.219555 2.474071
54.506363 2.913736
46.796177 3.289817
53.301094 2.426785
54.332253 3.560341
46.969624 3.543453
46.898846 3.466918
51.501274 2.429202
46.889366 3.528126
51.498276 2.452088
52.895554 2.287798
46.899586 3.540551
51.466793 2.450549
46.702633 3.429299
46.790379 3.468679
54.520672 2.805724
54.517719 2.807907
54.525711 2.800230
54.494999 2.822783
53.706745 2.716627
54.553463 2.792269
54.504463 2.806096
46.705944 3.427108
54.518867 2.793982
52.895702 2.257462
51.467415 2.461931
46.832417 3.477293
54.518047 2.797653
54.486523 2.787228
46.878937 3.479190
54.536434 2.791796
54.487026 2.840077
46.874569 3.519546
54.498699 2.844421
54.305916 3.563549
53.629002 2.641379
51.499084 2.454898
46.917679 3.508325
46.917679 3.508325
54.467659 2.878775
54.504463 2.806096
53.309803 2.420052
54.283855 3.571752
51.469517 2.449277
54.542351 2.813796
51.499084 2.454898
54.502041 2.778557
46.768009 3.341482
46.758781 3.293715
50.130955 2.419235
50.427757 2.403407
46.965782 3.527620
54.292118 3.564300
54.526985 2.796787
54.448040 2.919799
46.755993 3.407111
46.767151 3.285178
54.525711 2.800230
54.476059 2.828288
54.543262 2.780854
46.689281 3.342647
46.708122 3.502361
46.898846 3.466918
52.940029 2.257512
46.914433 3.506747
54.583961 2.773517
54.507843 2.802327
46.882507 3.513710
54.577724 2.787855
54.487980 2.819191
54.457401 2.813405
54.459209 2.912805
50.427757 2.403407
46.862850 3.521239
54.496830 2.818292
46.677856 3.327934
54.447739 2.896745
54.494698 2.765897
54.527103 2.798707
46.711784 3.425968
54.459209 2.912805
54.515900 2.775765
54.520672 2.805724
53.674667 2.684790
46.811226 3.529453
54.492565 2.820916
54.475716 2.789265
46.883633 3.568526
46.749805 3.302552
51.499084 2.454898
54.498188 2.814413
54.554550 2.791535
54.515224 2.904119
54.491131 2.820540
54.490185 2.823009
51.477077 2.470472
53.689522 2.669869
54.471558 2.863627
54.521530 2.808528
53.330845 2.415936
46.919567 3.524169
53.674667 2.684790
54.547596 2.745167
54.565140 2.798017
51.467415 2.461931
46.825905 3.483779
54.467800 2.847406
53.630009 2.651052
51.456650 2.477139
54.476059 2.828288
46.758781 3.293715
46.825905 3.483779
54.307526 3.565175
53.284481 2.439491
54.546215 2.798448
53.681950 2.729609
46.717083 3.428990
46.918308 3.549710
51.458534 2.450616
54.476059 2.828288
46.790379 3.468679
54.558769 2.782003
51.499538 2.454197
54.502556 2.829396
54.259426 3.569061
54.472115 2.872032
53.630009 2.651052
46.904751 3.544110
46.914993 3.523630
52.110008 2.464884
54.496830 2.818292
46.682922 3.337602
51.449867 2.461506
46.817776 3.476437
46.932617 3.539724
46.733231 3.424684
54.587273 2.786258
51.467628 2.467346
54.550560 2.807559
54.532669 2.784172
46.708122 3.502361
46.677856 3.327934
53.671700 2.757569
51.433983 2.478946
54.487026 2.840077
51.470509 2.449898
54.484653 2.856152
54.531052 2.808879
53.647804 2.777334
50.201244 2.484966
46.702633 3.429299
53.320583 2.420182
54.530483 2.803486
54.480766 2.841273
54.508034 2.819483
54.529476 2.789704
46.931973 3.505258
54.507896 2.816301
54.482845 2.793501
46.708122 3.502361
46.773655 3.461835
54.476059 2.828288
46.839581 3.564669
54.459209 2.912805
54.514732 2.816742
54.276146 3.560601
51.445290 2.479131
46.793369 3.563008
53.704742 2.718647
46.748245 3.329102
46.905716 3.513666
54.531052 2.808879
54.459808 2.878518
54.448040 2.919799
52.883060 2.298893
51.469517 2.449277
46.949707 3.525691
54.456116 2.884213
54.502556 2.829396
46.733231 3.424684
54.479073 2.788650
52.886051 2.289993
51.478115 2.443147
46.757965 3.420736
54.510902 2.813138
46.694866 3.339553
53.706745 2.716627
53.681950 2.729609
54.558819 2.813043
51.466793 2.450549
51.436798 2.467764
46.965782 3.527620
53.704742 2.718647
53.630009 2.651052
46.825382 3.482421
53.394226 2.374417
54.486782 2.789536
46.918308 3.549710
53.677223 2.752292
54.513931 2.814612
54.514622 2.893328
53.663296 2.767429
54.428001 2.925287
46.747681 3.452197
51.447300 2.455360
46.905716 3.513666
53.704945 2.732368
53.617290 2.646250
54.519585 2.813883
54.486523 2.787228
54.526985 2.796787
53.630009 2.651052
54.504807 2.839681
52.917114 2.271148
46.856541 3.525644
54.305149 3.554849
52.859451 2.312059
46.889698 3.470064
50.130955 2.419235
46.727982 3.342264
46.899929 3.509439
52.956802 2.255904
54.515606 2.799236
46.732342 3.337829
53.345222 2.407242
52.181816 2.498555
53.621792 2.659974
54.530235 2.802772
50.430466 2.420978
54.583961 2.773517
54.464603 2.899574
46.709084 3.428303
52.876572 2.298362
54.511646 2.819183
46.718422 3.327034
54.536938 2.811265
54.532669 2.784172
54.300949 3.562929
46.874569 3.519546
54.534725 2.795522
54.307575 3.555299
53.620121 2.643651
46.934509 3.525522
53.345222 2.407242
46.882259 3.526192
46.868435 3.551064
53.325497 2.423325
54.486500 2.780968
54.530571 2.824125
54.521530 2.808528
46.755993 3.407111
53.301094 2.426785
46.711788 3.340834
54.530483 2.803486
54.528210 2.798506
46.883633 3.568526
46.796932 3.288599
46.734451 3.313425
46.762508 3.339809
54.430656 2.928932
54.528210 2.798506
51.467628 2.467346
52.935654 2.268241
51.487686 2.457049
54.459209 2.912805
54.479073 2.788650
54.522984 2.809539
53.330845 2.415936
51.475235 2.461247
53.663296 2.767429
46.965782 3.527620
46.856541 3.525644
51.469513 2.446092
54.305916 3.563549
46.832417 3.477293
54.526985 2.796787
54.470402 2.847591
54.552860 2.795018
54.470402 2.847591
54.525711 2.800230
46.777710 3.326864
51.499538 2.454197
46.905716 3.513666
46.843094 3.521184
54.292118 3.564300
54.297043 3.565579
54.486897 2.850941
54.447739 2.896745
54.554108 2.799251
46.733231 3.424684
46.956463 3.524812
54.443207 2.825574
54.449013 2.916373
52.859451 2.312059
46.700760 3.337871
53.620121 2.643651
46.930843 3.539548
54.467659 2.878775
54.535938 2.876618
54.502075 2.904016
46.679207 3.327240
46.892303 3.543064
54.486523 2.787228
46.718849 3.342597
52.940029 2.257512
51.467712 2.463972
46.856541 3.525644
46.733231 3.424684
46.780014 3.292078
54.447739 2.896745
54.558819 2.813043
53.630009 2.651052
54.504463 2.806096
46.702770 3.415362
53.630386 2.651415
46.936829 3.560538
54.523979 2.814576
46.932617 3.539724
54.486523 2.787228
54.448040 2.919799
54.521530 2.808528
53.689522 2.669869
54.505917 2.861832
46.863430 3.517267
52.852741 2.314667
54.284134 3.565231
51.478115 2.443147
54.521378 2.792407
52.904289 2.292072
46.896240 3.481798
54.471912 2.839298
54.457401 2.877488
53.689522 2.669869
54.502556 2.829396
46.787041 3.288031
54.507912 2.770155
54.301929 3.565582
51.433983 2.478946
46.937168 3.537477
46.905716 3.513666
54.531784 2.803843
46.919174 3.538589
54.583961 2.773517
46.899929 3.509439
54.434078 2.830520
52.894070 2.256587
51.445217 2.485400
54.507179 2.807640
53.630386 2.651415
54.292999 3.563575
54.498188 2.814413
46.847507 3.483116
46.778618 3.344476
46.733231 3.424684
54.504013 2.816541
50.389896 2.453149
54.507896 2.816301
53.681950 2.729609
54.502041 2.778557
54.496830 2.818292
46.780014 3.292078
46.913677 3.537956
54.504463 2.806096
54.500298 2.916647
46.780014 3.292078
46.914993 3.523630
46.699612 3.325665
53.681950 2.729609
46.689281 3.342647
46.713360 3.337855
46.742050 3.306759
51.507179 2.445697
54.543262 2.780854
54.504875 2.828493
51.465191 2.461782
46.754910 3.470785
54.262840 3.572209
46.860157 3.483509
52.956802 2.255904
51.494923 2.455159
53.396214 2.366755
51.494923 2.455159
46.934280 3.465750
54.282253 3.570581
54.499657 2.820827
46.736431 3.317962
46.889698 3.470064
46.951431 3.544756
51.444752 2.463268
52.908688 2.285016
54.531635 2.819654
52.919689 2.283324
54.524261 2.801677
54.476059 2.828288
52.894070 2.256587
46.896244 3.538884
53.621426 2.652476
53.663296 2.767429
54.494282 2.787706
54.531052 2.808879
51.475235 2.461247
46.709091 3.337590
54.554550 2.791535
51.499084 2.454898
52.852741 2.314667
54.523979 2.814576
54.505917 2.861832
54.509888 2.900257
54.520672 2.805724
54.560795 2.772216
54.530483 2.803486
53.345222 2.407242
54.536938 2.811265
53.609581 2.659084
53.320583 2.420182
54.294544 3.564822
54.486523 2.787228
54.494282 2.787706
46.889698 3.470064
54.443207 2.825574
53.330845 2.415936
54.541473 2.887110
46.716373 3.415049
53.677223 2.752292
51.424046 2.474045
50.427757 2.403407
46.773655 3.461835
54.520603 2.817565
46.836014 3.484709
54.537189 2.811772
51.489059 2.459251
46.708122 3.502361
54.284134 3.565231
54.486782 2.789536
54.516281 2.801276
54.486782 2.789536
53.714420 2.636172
46.896854 3.476593
46.730839 3.425704
46.708122 3.502361
54.525711 2.800230
54.452461 2.881009
54.480110 2.833902
54.500446 2.771205
54.547596 2.745167
46.898758 3.503475
46.711472 3.340031
54.280460 3.577634
46.931850 3.466642
46.899586 3.540551
54.468960 2.848678
51.507179 2.445697
46.714252 3.336866
54.519585 2.813883
54.477261 2.844174
46.773937 3.315924
51.465656 2.450595
54.554550 2.791535
54.560795 2.772216
52.913517 2.285174
54.558819 2.813043
54.486782 2.789536
54.515163 2.814009
51.460911 2.454237
46.911846 3.476457
54.522167 2.794134
54.548084 2.810418
46.843094 3.521184
54.476059 2.828288
52.136444 2.521416
51.499084 2.454898
54.531784 2.803843
46.897663 3.542134
54.472202 2.886912
54.476059 2.828288
46.930767 3.538701
54.515224 2.904119
54.467659 2.878775
46.749279 3.494911
52.935654 2.268241
54.517719 2.807907
54.527485 2.883658
46.754299 3.469721
51.482353 2.442427
46.889366 3.528126
46.937168 3.537477
46.683090 3.335533
54.294544 3.564822
54.530205 2.810496
51.474403 2.447237
46.918308 3.549710
46.917679 3.508325
54.482845 2.793501
51.518330 2.444705
53.681950 2.729609
46.956463 3.524812
46.918308 3.549710
46.668419 3.413095
54.504013 2.816541
54.526852 2.804680
54.281101 3.568352
54.292118 3.564300
51.453075 2.469690
54.280460 3.577634
54.528076 2.802780
54.536442 2.803317
54.484867 2.798058
50.219555 2.474071
54.472115 2.872032
53.663296 2.767429
54.508633 2.800575
46.734451 3.313425
46.930843 3.539548
53.629002 2.641379
54.477261 2.844174
54.498699 2.844421
46.747223 3.473558
54.282253 3.570581
51.486137 2.441290
54.504013 2.816541
46.825905 3.483779
53.663296 2.767429
51.433983 2.478946
54.487980 2.819191
46.965782 3.527620
54.498188 2.814413
54.501656 2.888472
54.486782 2.789536
46.782009 3.296801
54.536945 2.798835
54.486382 2.830726
54.516319 2.809173
46.843094 3.521184
46.679207 3.327240
46.883633 3.568526
54.262840 3.572209
54.528210 2.798506
54.292118 3.564300
54.458961 2.812494
51.469517 2.449277
54.534512 2.894228
46.929150 3.537393
52.954464 2.256407
54.530205 2.810496
46.894199 3.512949
54.470402 2.847591
46.899586 3.540551
53.630009 2.651052
54.499229 2.849039
53.339897 2.411900
54.472115 2.872032
54.560795 2.772216
46.956463 3.524812
50.130955 2.419235
46.702770 3.415362
46.881897 3.511536
54.518867 2.793982
46.705944 3.427108
54.253407 3.583322
54.457401 2.877488
52.883060 2.298893
54.281101 3.568352
54.526985 2.796787
46.883633 3.568526
54.531784 2.803843
54.486500 2.780968
51.447300 2.455360
54.484653 2.856152
54.506409 2.779849
53.630009 2.651052
53.689613 2.734510
46.738594 3.336398
54.536434 2.791796
54.502934 2.870577
53.396214 2.366755
51.486137 2.441290
54.477261 2.844174
54.447739 2.896745
54.294292 3.558887
50.197945 2.486710
46.679207 3.327240
53.630009 2.651052
54.498699 2.844421
46.677856 3.327934
54.498188 2.814413
46.899586 3.540551
50.172539 2.392119
54.518867 2.793982
54.507179 2.807640
53.602497 2.681712
52.163269 2.497830
54.477261 2.844174
54.476059 2.828288
46.911095 3.538749
53.320583 2.420182
46.708122 3.502361
54.534512 2.894228
46.878502 3.575508
46.883633 3.568526
54.504074 2.904508
46.733231 3.424684
46.917679 3.508325
50.427757 2.403407
54.542351 2.813796
46.729164 3.416020
53.690300 2.733739
54.555798 2.785493
51.499084 2.454898
51.463066 2.452169
46.905716 3.513666
46.703079 3.336224
53.690300 2.733739
54.487026 2.840077
51.433983 2.478946
54.501350 2.840171
54.536434 2.791796
46.917679 3.508325
54.292999 3.563575
54.492565 2.820916
54.475716 2.789265
46.785885 3.473894
54.506725 2.826395
54.534725 2.795522
54.305149 3.554849
54.536434 2.791796
54.467659 2.878775
54.543617 2.794953
53.630386 2.651415
54.491432 2.814041
46.932617 3.539724
51.492817 2.435704
54.501656 2.888472
46.777710 3.326864
54.332253 3.560341
54.484867 2.798058
46.773655 3.461835
46.834160 3.568517
50.433594 2.420169
54.291061 3.566237
46.883633 3.568526
54.496120 2.820361
53.689522 2.669869
50.412659 2.445421
46.919567 3.524169
46.912651 3.465947
54.525711 2.800230
54.522747 2.808941
52.913517 2.285174
54.531052 2.808879
54.505917 2.861832
46.780014 3.292078
46.772118 3.456232
46.780014 3.292078
54.482845 2.793501
46.911095 3.538749
46.759594 3.463833
46.716602 3.418101
46.951431 3.544756
46.796932 3.288599
46.742050 3.306759
46.836357 3.483035
54.447739 2.896745
46.926449 3.542521
54.284134 3.565231
46.874569 3.519546
54.484653 2.856152
54.494282 2.787706
46.780014 3.292078
54.476059 2.828288
52.886051 2.289993
52.110008 2.464884
54.537510 2.821269
54.561363 2.795292
54.487980 2.819191
52.954464 2.256407
46.905716 3.513666
54.484867 2.798058
54.548519 2.778004
54.547596 2.745167
46.882259 3.526192
54.476059 2.828288
46.876877 3.540892
46.956463 3.524812
46.956463 3.524812
52.886051 2.289993
46.956463 3.524812
53.612175 2.663529
53.663296 2.767429
52.110008 2.464884
46.937168 3.537477
54.264381 3.571970
54.524456 2.828658
46.899586 3.540551
53.704742 2.718647
46.743557 3.329539
46.836014 3.484709
46.733231 3.424684
52.940205 2.256032
52.954464 2.256407
46.772118 3.456232
46.762184 3.471674
54.500824 2.822397
54.284519 3.569300
52.886051 2.289993
53.309803 2.420052
46.898758 3.503475
52.886051 2.289993
53.602497 2.681712
53.320583 2.420182
54.262840 3.572209
54.487980 2.819191
54.537510 2.821269
46.724483 3.332281
51.474403 2.447237
53.620121 2.643651
54.536945 2.798835
53.309803 2.420052
54.528210 2.798506
46.899586 3.540551
54.537510 2.821269
46.683090 3.335533
54.476059 2.828288
51.463066 2.452169
51.466793 2.450549
46.931973 3.505258
54.447739 2.896745
54.517719 2.807907
54.528053 2.789913
54.543262 2.780854
46.790436 3.297263
54.536434 2.791796
46.819267 3.568854
51.494923 2.455159
54.282253 3.570581
53.621426 2.652476
46.889698 3.470064
51.453915 2.454171
54.537189 2.811772
51.486137 2.441290
54.494915 2.784555
46.703079 3.336224
54.502075 2.904016
46.705944 3.427108
46.730839 3.425704
46.912651 3.465947
54.527103 2.798707
54.477261 2.844174
51.447300 2.455360
46.899929 3.509439
46.944721 3.536938
54.535912 2.797705
46.856541 3.525644
54.507896 2.816301
54.457836 2.876545
54.454670 2.885816
46.919174 3.538589
46.919548 3.533418
46.894924 3.462535
54.486782 2.789536
46.777710 3.326864
54.498188 2.814413
46.780014 3.292078
54.498943 2.832478
54.515057 2.897614
54.498188 2.814413
46.914993 3.523630
52.917114 2.271148
46.874569 3.519546
51.514198 2.420544
46.702633 3.429299
54.530483 2.803486
54.320850 3.572922
54.476059 2.828288
53.660435 2.767494
51.487328 2.461385
54.526985 2.796787
46.914993 3.523630
54.262840 3.572209
54.487980 2.819191
51.469517 2.449277
46.965782 3.527620
51.489059 2.459251
54.549110 2.809146
46.751488 3.315674
46.919567 3.524169
51.501274 2.429202
52.886051 2.289993
46.881977 3.479599
54.286617 3.567030
46.913677 3.537956
54.513695 2.810629
54.472000 2.840435
54.499229 2.849039
53.621792 2.659974
46.677856 3.327934
53.706745 2.716627
46.883633 3.568526
54.522747 2.808941
54.538837 2.822738
54.547596 2.745167
54.502766 2.812956
54.515900 2.775765
46.730839 3.425704
54.532993 2.795491
51.466793 2.450549
46.913677 3.537956
46.694866 3.339553
54.447739 2.896745
54.531052 2.808879
46.890293 3.467361
46.733231 3.424684
54.484653 2.856152
54.302208 3.567863
46.702633 3.429299
54.505917 2.861832
53.677223 2.752292
54.476421 2.799821
46.876877 3.540892
46.778618 3.344476
46.780014 3.292078
46.851345 3.524595
53.630009 2.651052
52.954464 2.256407
46.790436 3.297263
54.284519 3.569300
54.507240 2.811133
51.499084 2.454898
54.526985 2.796787
54.288097 3.565858
46.962826 3.526981
54.541473 2.887110
51.465191 2.461782
54.498943 2.832478
46.738594 3.336398
46.905716 3.513666
54.540802 2.797973
54.280460 3.577634
54.507240 2.811133
54.252258 3.602343
46.790379 3.468679
54.534355 2.794077
46.905716 3.513666
50.498383 2.404013
54.292999 3.563575
51.499084 2.454898
46.773655 3.461835
46.913677 3.537956
54.553463 2.792269
51.486137 2.441290
52.844906 2.322371
54.536945 2.798835
53.629002 2.641379
54.288097 3.565858
54.577724 2.787855
46.899586 3.540551
54.505917 2.861832
46.718849 3.342597
54.518867 2.793982
54.524261 2.801677
54.332253 3.560341
54.262840 3.572209
54.476059 2.828288
46.932617 3.539724
46.956463 3.524812
51.466793 2.450549
54.530483 2.803486
54.534512 2.894228
46.934280 3.465750
54.530483 2.803486
46.825802 3.526760
52.859451 2.312059
54.498188 2.814413
46.883633 3.568526
51.433983 2.478946
54.282253 3.570581
54.527893 2.889131
54.526985 2.796787
54.528210 2.798506
53.704742 2.718647
46.932617 3.539724
51.467415 2.461931
46.932617 3.539724
54.506363 2.913736
46.689457 3.322533
51.458534 2.450616
46.689457 3.322533
46.751488 3.315674
46.786518 3.462427
54.507240 2.811133
46.736431 3.317962
54.457401 2.813405
53.630386 2.651415
54.505978 2.775527
46.962826 3.526981
54.480991 2.827655
54.496830 2.818292
51.463066 2.452169
46.780014 3.292078
50.215946 2.475867
54.540592 2.825630
54.494282 2.787706
53.704742 2.718647
54.501350 2.840171
54.520672 2.805724
54.498188 2.814413
46.883633 3.568526
51.453075 2.469690
54.476059 2.828288
54.441605 2.924166
54.305149 3.554849
53.339897 2.411900
53.596466 2.666554
51.469513 2.446092
46.709084 3.428303
51.507179 2.445697
54.521530 2.808528
46.825802 3.526760
54.486523 2.787228
54.475880 2.828862
52.110008 2.464884
46.862850 3.521239
50.201244 2.484966
46.756790 3.452170
53.320583 2.420182
54.305149 3.554849
54.307526 3.565175
54.538837 2.822738
54.515057 2.897614
46.951431 3.544756
54.499229 2.849039
46.768009 3.341482
54.532993 2.795491
54.528210 2.798506
54.554550 2.791535
54.543262 2.780854
54.505733 2.904071
52.917114 2.271148
54.498188 2.814413
53.320583 2.420182
53.621792 2.659974
54.502766 2.812956
52.913517 2.285174
54.543262 2.780854
54.487980 2.819191
54.292999 3.563575
46.767151 3.285178
46.889698 3.470064
52.110008 2.464884
54.292999 3.563575
54.288097 3.565858
53.344929 2.407108
54.276310 3.573535
54.563732 2.786989
54.292999 3.563575
54.428001 2.925287
53.320583 2.420182
54.496120 2.820361
46.751488 3.315674
46.851345 3.524595
54.518517 2.807485
46.768009 3.341482
53.630386 2.651415
46.932617 3.539724
46.932617 3.539724
54.534512 2.894228
46.790379 3.468679
53.596466 2.666554
54.507240 2.811133
46.679207 3.327240
46.733231 3.424684
54.530205 2.810496
46.771629 3.455452
46.757965 3.420736
54.247185 3.573543
54.291061 3.566237
46.717083 3.428990
54.476059 2.828288
46.890697 3.567533
51.518330 2.444705
53.330845 2.415936
54.487980 2.819191
46.733231 3.424684
46.809078 3.528832
46.902523 3.515995
54.506363 2.913736
46.718849 3.342597
54.264381 3.571970
54.521530 2.808528
54.526985 2.796787
54.448040 2.919799
54.457401 2.877488
54.532669 2.784172
52.954464 2.256407
53.621426 2.652476
51.498276 2.452088
46.856541 3.525644
46.899586 3.540551
54.530128 2.821092
54.510979 2.820661
54.515354 2.800611
53.612175 2.663529
46.758781 3.293715
46.898758 3.503475
51.487328 2.461385
53.681950 2.729609
46.912651 3.465947
46.917679 3.508325
53.692223 2.740458
46.917679 3.508325
50.423065 2.443139
53.396214 2.366755
54.475716 2.789265
53.629002 2.641379
46.902031 3.541645
54.502556 2.829396
53.704742 2.718647
46.777710 3.326864
54.530128 2.821092
46.809635 3.284383
51.447300 2.455360
46.962826 3.526981
46.918308 3.549710
54.508633 2.800575
54.554550 2.791535
46.843330 3.528325
46.889351 3.509746
50.498383 2.404013
46.824745 3.280588
46.888855 3.506962
46.732342 3.337829
54.292999 3.563575
54.554550 2.791535
46.851345 3.524595
54.573502 2.767947
54.530571 2.824125
46.682922 3.337602
46.711472 3.340031
54.476059 2.828288
46.932617 3.539724
46.677856 3.327934
54.448040 2.919799
53.339897 2.411900
52.868607 2.308916
51.466793 2.450549
54.498188 2.814413
46.749279 3.494911
54.476059 2.828288
53.630009 2.651052
46.733231 3.424684
52.954464 2.256407
46.677856 3.327934
54.491432 2.814041
52.110008 2.464884
54.487980 2.819191
53.596466 2.666554
54.505917 2.861832
46.758781 3.293715
54.504807 2.839681
51.460911 2.454237
54.486782 2.789536
46.703079 3.336224
46.917679 3.508325
46.733231 3.424684
51.453075 2.469690
54.307526 3.565175
46.864529 3.515425
46.926449 3.542521
53.339897 2.411900
54.496830 2.818292
46.809078 3.528832
52.859451 2.312059
54.521530 2.808528
54.301929 3.565582
46.911095 3.538749
51.463066 2.452169
54.517719 2.807907
51.487328 2.461385
46.883633 3.568526
46.837067 3.520196
46.811226 3.529453
54.447739 2.896745
54.528210 2.798506
46.736431 3.453176
46.745529 3.503324
54.470402 2.847591
54.540592 2.825630
54.473965 2.829488
53.284481 2.439491
46.883633 3.568526
46.858212 3.470392
54.530128 2.821092
53.344929 2.407108
54.284134 3.565231
51.467628 2.467346
54.447739 2.896745
54.531052 2.808879
54.280460 3.577634
54.253407 3.583322
51.458534 2.450616
52.935654 2.268241
46.683090 3.335533
54.534355 2.794077
54.443207 2.825574
54.459209 2.912805
54.484867 2.798058
46.677856 3.327934
54.459209 2.912805
54.495232 2.832932
54.498188 2.814413
52.110008 2.464884
52.943966 2.257567
46.736431 3.317962
54.530483 2.803486
46.951431 3.544756
46.889698 3.470064
54.472202 2.886912
51.499084 2.454898
46.717083 3.428990
54.515057 2.897614
54.475716 2.789265
54.456829 2.854071
54.530956 2.793286
46.836357 3.483035
54.467659 2.878775
54.486782 2.789536
54.528053 2.789913
46.882259 3.526192
54.524261 2.801677
46.727982 3.342264
54.476059 2.828288
53.663586 2.636045
54.521530 2.808528
54.284519 3.569300
46.911095 3.538749
46.843094 3.521184
51.467628 2.467346
54.558819 2.813043
52.956802 2.255904
54.530483 2.803486
54.499504 2.831729
54.521530 2.808528
53.630009 2.651052
46.717083 3.428990
51.467628 2.467346
46.907078 3.478158
51.494923 2.455159
54.498188 2.814413
54.507240 2.811133
54.498188 2.814413
51.498276 2.452088
54.449013 2.916373
46.889366 3.528126
52.883060 2.298893
46.709091 3.337590
54.532669 2.784172
51.494923 2.455159
54.534512 2.894228
54.477261 2.844174
46.727982 3.342264
54.505917 2.861832
46.773655 3.461835
52.859451 2.312059
50.423065 2.443139
54.563732 2.786989
53.629002 2.641379
54.554108 2.799251
54.507240 2.811133
50.433594 2.420169
54.527485 2.883658
53.689522 2.669869
54.476059 2.828288
46.702770 3.415362
53.630386 2.651415
53.704742 2.718647
46.913677 3.537956
52.908688 2.285016
54.506409 2.779849
46.836014 3.484709
54.504463 2.806096
46.878502 3.575508
53.345222 2.407242
46.883633 3.568526
52.844906 2.322371
