36.270412 3.654905
39.894623 3.772520
36.603878 1.931758
37.751911 2.146535
40.324020 3.664420
38.738323 3.742085
31.720612 4.972798
31.051781 10.426852
36.957752 2.364888
40.934185 2.242221
31.810698 9.373760
31.875658 4.843627
39.722569 2.284370
31.826143 10.623400
44.160370 1.871131
37.263557 3.151299
37.345604 3.412128
30.239229 14.224382
29.327570 14.458581
35.124687 2.857363
36.248302 2.101592
40.109474 2.205878
40.835201 2.192696
35.781494 3.145943
31.942318 4.113017
40.718811 3.440877
31.186977 11.455782
38.827911 2.377661
44.160370 1.871131
36.544102 2.433661
39.045605 2.291118
34.013531 3.753926
32.080109 10.757392
34.100090 4.197307
39.042671 3.050299
38.590618 2.931331
39.198223 3.656527
34.505478 4.014291
37.763714 3.606402
36.932362 2.758730
35.918827 2.223993
32.060566 12.319448
31.810698 9.373760
37.336655 2.141409
39.761162 2.902429
37.320164 3.379989
34.358234 4.665204
31.713242 9.125523
40.246311 2.424518
37.751911 2.146535
29.327570 14.458581
31.486322 10.738736
37.005367 2.272709
39.545628 2.264586
38.903465 3.741785
40.305443 3.551125
40.718811 3.440877
34.023773 4.048009
44.160370 1.871131
37.005367 2.272709
31.944658 6.231741
40.248631 2.993628
39.099186 1.988898
33.510277 4.261356
37.336655 2.141409
41.491302 1.912210
38.225063 2.534290
38.462498 2.264306
40.795734 3.186407
39.775936 2.417210
38.843857 3.471630
40.248631 2.993628
36.932362 2.758730
34.763645 2.420605
43.343704 1.447851
41.491302 1.912210
37.540096 3.406711
40.324020 3.664420
37.989147 1.926390
37.707188 3.763298
34.140934 4.435944
38.906647 2.243283
31.382660 11.720112
37.529205 1.951297
35.553497 3.252451
40.827480 3.674564
36.105988 2.754535
39.539680 2.488585
37.389515 3.124107
40.545574 2.009790
36.583645 2.510850
38.313999 3.508626
33.540230 4.681975
40.551434 2.236126
36.313728 3.788061
34.534447 4.325631
33.110710 4.621603
34.007187 4.216585
38.025787 2.342929
36.105988 2.754535
38.797558 3.766764
38.696495 2.555918
36.932362 2.758730
32.016167 9.694407
37.751911 2.146535
41.746319 2.273195
31.486322 10.738736
41.567314 2.133487
40.934185 2.242221
32.060566 12.319448
40.226997 2.481819
31.805544 4.886661
33.804699 4.213233
36.760868 3.706302
41.784245 2.393935
37.961521 3.662389
40.053177 2.396482
38.887241 2.364337
31.203953 10.189500
37.005367 2.272709
36.932362 2.758730
37.819206 2.089697
41.634781 3.490497
38.797043 2.474609
37.057114 1.960251
31.713242 9.125523
35.895908 3.766491
38.906647 2.243283
38.463139 3.788413
32.073483 4.341678
37.336655 2.141409
31.823444 11.881408
38.134228 2.249498
37.881626 3.434731
40.032230 2.168525
38.343182 2.669105
37.320164 3.379989
37.157940 2.251721
38.161533 3.659789
37.336655 2.141409
30.792315 11.386985
32.060566 12.319448
39.106129 2.300644
39.312641 2.183617
32.110050 14.181855
36.120094 3.702723
35.784176 3.149880
36.760868 3.706302
38.622276 3.624238
31.426682 3.929425
38.161533 3.659789
36.920437 2.941371
36.248302 2.101592
38.000881 3.582912
41.183857 3.495638
38.154709 2.388287
32.060566 12.319448
39.459801 2.625950
31.810698 9.373760
34.801266 2.211222
37.751911 2.146535
35.005711 2.044992
39.761162 2.902429
34.054375 4.694650
39.014809 3.429592
37.094803 3.669715
31.996305 14.011367
29.327570 14.458581
40.562820 1.974970
38.701015 2.924149
37.707188 3.763298
29.269743 14.887698
31.486322 10.738736
39.198223 3.656527
39.931259 3.726243
37.822998 3.557205
37.396088 2.245475
31.323137 4.490878
34.801266 2.211222
40.442852 1.951771
33.021999 4.493813
39.328838 2.275781
38.154709 2.388287
31.186977 11.455782
31.533253 5.089864
39.542950 2.566370
33.908546 4.023095
38.373066 2.286058
40.545574 2.009790
31.721092 13.423119
37.529205 1.951297
39.413094 3.624506
38.051998 2.893145
35.704895 2.825102
34.134800 4.359428
38.696495 2.555918
34.054375 4.694650
42.217236 3.188373
34.100090 4.197307
38.738323 3.742085
40.148296 2.235760
40.182171 2.250682
36.377625 3.646863
31.533253 5.089864
33.021999 4.493813
39.039783 3.719841
38.273804 2.291690
37.924614 2.386369
36.819111 2.477880
39.179886 2.688619
34.091923 4.515718
34.091923 4.515718
40.370449 3.165596
40.216286 2.806413
40.032230 2.168525
36.487099 3.682965
38.917332 2.753150
35.130424 3.664827
36.230267 2.607581
36.932362 2.758730
36.345795 3.169354
39.340889 2.616119
34.414623 4.524368
38.161533 3.659789
37.707188 3.763298
37.029274 2.647892
31.612577 14.948070
37.486286 2.393427
37.529205 1.951297
40.060509 3.760250
37.836414 3.211268
44.160370 1.871131
39.106129 2.300644
34.091923 4.515718
40.934185 2.242221
35.944809 2.752208
36.105988 2.754535
35.610729 2.726529
40.053177 2.396482
40.324020 3.664420
37.792507 1.920243
39.389637 2.184808
37.009319 2.910923
38.949181 2.435367
33.923164 4.281188
34.054375 4.694650
36.402916 2.349636
39.577900 2.327782
36.613224 1.963920
44.190994 1.705724
37.430695 3.658589
36.603878 1.931758
38.273804 2.291690
34.542530 3.608768
37.702026 2.093496
37.385925 2.146422
35.005711 2.044992
39.754040 2.515903
39.303699 2.445106
36.920437 2.941371
37.065948 2.261346
38.462498 2.264306
37.328876 2.868427
34.358841 1.518860
33.034992 4.537573
38.101131 3.563196
38.755371 3.523933
39.092216 3.771840
39.431499 2.372765
36.811954 2.019068
35.824951 3.486579
38.276646 2.459234
31.805544 4.886661
37.529205 1.951297
38.541965 3.597795
34.445431 1.549533
39.536034 3.608238
37.345604 3.412128
40.412781 3.451861
38.245041 2.213592
37.273327 2.173715
38.025787 2.342929
31.810698 9.373760
34.505478 4.014291
30.573828 11.386182
36.443058 3.496282
37.813805 3.314023
39.962906 2.424425
35.482895 3.647558
38.263084 2.359431
33.680382 4.020938
38.462498 2.264306
31.284916 4.520814
36.494835 3.568739
36.819111 2.477880
38.652676 2.100771
41.377327 2.051893
34.769585 3.215043
39.045605 2.291118
37.568668 2.693680
38.173138 2.873234
37.438290 2.657922
39.045605 2.291118
33.375153 2.983785
40.370449 3.165596
38.154709 2.388287
38.466503 2.117208
36.613224 1.963920
31.954752 10.845930
34.013531 3.753926
38.162300 2.087941
39.451725 3.634743
38.771755 2.956478
33.510277 4.261356
35.041836 2.117439
34.100090 4.197307
37.872185 2.496508
37.529205 1.951297
31.194189 11.767526
40.226997 2.481819
32.106876 13.246017
37.099762 2.146584
38.929398 2.175317
39.543068 1.971562
38.161533 3.659789
33.021999 4.493813
43.630795 1.706318
36.450680 1.944292
36.811954 2.019068
41.567314 2.133487
31.491133 5.922667
38.733063 3.007738
40.109474 2.205878
38.491592 2.060228
36.696171 3.614066
44.094963 1.939970
37.225216 2.558976
44.094963 1.939970
37.707188 3.763298
38.906647 2.243283
39.042671 3.050299
36.345795 3.169354
33.110710 4.621603
40.698544 3.680256
34.140934 4.435944
35.765259 3.313806
31.654961 9.183579
40.053177 2.396482
31.533253 5.089864
37.707188 3.763298
33.713730 4.447502
35.230614 3.672923
34.445431 1.549533
35.622963 3.697850
40.044662 3.432905
41.401215 2.138837
36.544102 2.433661
38.903465 3.741785
36.125740 2.874376
31.575888 11.427032
38.906647 2.243283
38.755371 3.523933
40.179893 2.883029
38.154709 2.388287
37.937489 3.564829
35.934971 3.353438
38.463139 3.788413
36.481316 3.226931
34.584736 4.239559
40.279083 3.721726
31.369099 14.482739
37.721680 2.881478
37.531944 3.247989
30.792315 11.386985
36.105988 2.754535
31.612577 14.948070
36.393940 3.580827
37.838779 2.613467
36.833328 3.347711
33.110710 4.621603
32.584938 4.144773
38.168091 2.034387
37.872185 2.496508
40.628487 1.915234
31.805544 4.886661
39.409649 3.422481
36.730175 2.278054
37.361687 3.725461
37.441204 2.015630
38.273804 2.291690
40.670452 1.957765
40.987774 3.760247
34.902576 2.430931
36.957752 2.364888
34.091923 4.515718
37.307491 3.486227
30.573828 11.386182
39.931259 3.726243
39.805878 2.242955
40.109474 2.205878
36.583645 2.510850
39.544044 2.852741
39.312641 2.183617
34.505478 4.014291
31.051781 10.426852
35.439468 1.938460
40.263054 2.500054
32.083530 13.042640
38.031555 2.105418
34.770203 2.470123
31.395409 9.278671
39.328838 2.275781
34.140934 4.435944
38.915211 2.426908
38.827911 2.377661
36.583645 2.510850
39.227554 3.485765
39.100281 2.560024
34.445431 1.549533
38.383598 2.364773
36.833328 3.347711
39.106155 2.664338
40.246311 2.424518
40.248631 2.993628
31.954752 10.845930
37.363251 3.663405
34.054375 4.694650
35.610729 2.726529
38.965294 2.432392
38.564823 2.390842
38.581593 2.417899
33.510277 4.261356
28.698341 14.462224
37.307491 3.486227
40.226997 2.481819
36.462715 3.722716
31.612915 4.897095
40.442852 1.951771
38.487553 3.745970
39.082294 2.520156
31.988428 5.182933
37.699799 1.910309
39.592468 1.911932
36.450680 1.944292
38.466503 2.117208
37.213383 3.356430
40.718811 3.440877
37.139469 2.437273
39.671917 2.781099
36.999401 3.643733
34.801266 2.211222
33.541969 4.289133
39.539680 2.488585
33.919235 4.529984
39.745201 3.776688
31.612915 4.897095
36.596596 2.845463
38.532307 2.756488
39.544044 2.852741
36.544102 2.433661
40.263054 2.500054
36.417530 2.446120
40.226997 2.481819
34.358234 4.665204
40.903439 1.926091
38.952133 3.143094
40.933037 3.752079
37.320164 3.379989
34.584736 4.239559
36.350971 3.700868
37.702026 2.093496
36.270412 3.654905
31.276251 10.591223
36.494835 3.568739
31.491133 5.922667
37.139469 2.437273
35.990902 3.731758
41.438965 3.369443
40.182171 2.250682
34.770203 2.470123
39.312641 2.183617
39.235233 2.109801
36.932362 2.758730
38.051998 2.893145
40.628487 1.915234
38.074829 2.726373
41.491302 1.912210
37.708462 2.221857
35.472370 3.701733
34.941700 2.037534
36.382355 1.926232
39.842560 2.066957
35.472370 3.701733
34.529484 4.503001
39.755730 2.155132
33.021999 4.493813
31.713242 9.125523
31.868299 13.985906
38.276646 2.459234
40.174847 2.542294
38.652676 2.100771
31.967060 9.509786
31.533253 5.089864
30.239229 14.224382
38.276646 2.459234
34.911709 2.514999
38.676788 2.917887
34.140934 4.435944
31.491133 5.922667
39.424984 1.921076
37.336655 2.141409
39.158463 2.998495
36.105988 2.754535
40.628487 1.915234
37.520653 2.998354
39.608109 3.311852
41.157066 3.705162
40.819519 3.670039
39.715481 3.533029
40.790176 2.435982
34.309235 4.298697
38.581593 2.417899
40.790176 2.435982
35.622963 3.697850
34.941700 2.037534
38.815636 2.780291
38.343182 2.669105
31.486322 10.738736
40.226997 2.481819
36.275173 3.669137
38.925049 2.580538
37.872185 2.496508
31.721092 13.423119
40.933037 3.752079
36.382355 1.926232
40.550201 3.769189
39.312641 2.183617
32.016167 9.694407
37.041992 2.435939
31.159235 10.029870
41.191319 3.645759
38.133148 1.996965
34.801266 2.211222
41.671642 2.246565
36.237808 1.990620
31.868299 13.985906
39.042671 3.050299
35.708305 3.230618
38.780876 2.340147
39.482609 3.587018
38.847225 2.007537
39.235233 2.109801
31.426682 3.929425
41.725018 2.415514
39.270363 2.357980
38.245041 2.213592
31.818727 5.007691
33.804699 4.213233
38.952133 3.143094
38.780876 2.340147
31.954752 10.845930
40.776833 3.714176
34.054375 4.694650
37.708462 2.221857
37.520653 2.998354
41.401215 2.138837
38.154709 2.388287
38.101131 3.563196
38.847225 2.007537
38.965294 2.432392
34.801266 2.211222
37.389515 3.124107
36.730175 2.278054
35.622963 3.697850
38.031555 2.105418
32.016167 9.694407
37.895622 3.302330
36.313728 3.788061
37.872185 2.496508
36.524357 3.515826
38.273804 2.291690
38.818016 3.507197
38.887241 2.364337
31.345613 11.793612
34.025513 4.455163
44.094963 1.939970
34.342945 4.559152
34.505478 4.014291
37.717884 3.676847
36.819111 2.477880
38.466248 3.453467
34.595718 3.977145
38.462498 2.264306
37.273327 2.173715
30.573828 11.386182
38.971638 3.672270
31.612915 4.897095
37.540096 3.406711
34.443001 3.964288
37.328876 2.868427
31.533253 5.089864
34.801266 2.211222
34.933270 3.652058
38.245041 2.213592
39.042671 3.050299
38.590618 2.931331
35.553497 3.252451
34.140934 4.435944
30.573828 11.386182
38.929398 2.175317
33.478271 4.686749
33.021999 4.493813
31.355974 10.234530
38.581593 2.417899
38.987312 1.961833
35.781494 3.145943
39.067066 3.148808
35.964138 2.293586
39.931259 3.726243
37.389515 3.124107
34.091923 4.515718
34.801266 2.211222
38.928596 3.618927
41.567314 2.133487
40.179893 2.883029
39.300797 2.827294
39.350323 2.360389
33.859116 4.674845
40.016022 2.394441
34.134800 4.359428
37.834965 3.704956
44.160370 1.871131
31.712210 4.889830
31.612915 4.897095
36.861927 2.819688
37.273327 2.173715
36.105988 2.754535
30.959946 14.905223
33.393784 4.538099
31.186977 11.455782
41.098785 2.763011
39.054897 2.306629
40.827480 3.674564
34.100090 4.197307
38.780876 2.340147
39.653999 2.505013
37.310959 3.341327
38.014889 3.775633
39.350323 2.360389
40.947014 3.432019
38.313999 3.508626
39.909393 1.951787
31.954752 10.845930
38.637230 3.427559
37.643780 2.552190
33.110710 4.621603
39.350323 2.360389
38.014889 3.775633
34.941700 2.037534
33.804699 4.213233
36.861927 2.819688
39.256042 2.549297
37.529205 1.951297
38.654579 2.858235
37.751911 2.146535
39.123760 2.692804
37.643780 2.552190
34.100090 4.197307
36.603878 1.931758
41.624039 3.620892
34.570957 4.343667
39.885696 3.742801
31.612915 4.897095
34.100090 4.197307
37.057114 1.960251
37.529205 1.951297
31.823444 11.881408
39.407284 1.937707
38.011871 3.486226
31.355974 10.234530
38.702271 2.753454
31.988428 5.182933
35.781494 3.145943
40.182911 2.279628
40.182171 2.250682
37.018452 2.357644
35.005711 2.044992
36.237808 1.990620
32.016167 9.694407
35.327595 3.752937
39.608109 3.311852
36.603878 1.931758
37.361687 3.725461
33.680382 4.020938
38.064663 2.635721
38.525776 2.063354
34.091923 4.515718
31.705956 12.039531
39.552261 3.703593
38.247940 2.537122
34.763645 2.420605
37.792507 1.920243
36.603878 1.931758
37.854233 2.078145
40.251511 2.562202
31.823444 11.881408
34.801266 2.211222
38.343182 2.669105
40.442852 1.951771
40.675888 2.533618
31.705956 12.039531
40.903439 1.926091
40.182911 2.279628
32.192532 14.351582
38.064663 2.635721
35.553497 3.252451
38.780876 2.340147
38.222092 3.757772
38.411045 1.986230
38.487553 3.745970
32.016167 9.694407
38.411045 1.986230
41.829399 3.552366
40.948330 1.989159
36.477028 1.988246
38.416527 3.252814
39.389637 2.184808
40.760773 2.657711
32.083530 13.042640
33.021999 4.493813
40.263054 2.500054
31.988428 5.182933
35.327595 3.752937
32.016167 9.694407
40.053177 2.396482
34.023773 4.048009
34.769585 3.215043
41.671642 2.246565
39.367290 3.458289
31.868299 13.985906
38.581593 2.417899
43.630795 1.706318
34.091923 4.515718
31.712210 4.889830
40.062630 2.320348
40.835201 2.192696
33.923164 4.281188
38.246735 1.995308
39.122761 2.865970
32.192532 14.351582
39.704510 2.347420
40.174847 2.542294
38.011871 3.486226
35.077377 2.712025
37.737930 2.303010
38.652676 2.100771
39.067066 3.148808
37.307491 3.486227
37.157940 2.251721
38.733063 3.007738
37.273327 2.173715
37.847301 2.672370
38.971638 3.672270
31.713242 9.125523
38.827911 2.377661
40.239441 3.730525
37.895622 3.302330
33.021999 4.493813
38.738323 3.742085
33.723770 3.350763
40.934185 2.242221
40.226997 2.481819
32.192532 14.351582
37.320164 3.379989
35.781494 3.145943
34.091923 4.515718
36.932362 2.758730
38.654579 2.858235
32.192532 14.351582
39.671917 2.781099
41.671642 2.246565
30.792315 11.386985
38.245041 2.213592
31.802471 5.006626
39.045605 2.291118
36.811954 2.019068
38.581593 2.417899
33.034992 4.537573
38.487553 3.745970
38.154709 2.388287
38.847225 2.007537
36.402916 2.349636
36.105988 2.754535
35.964138 2.293586
35.964138 2.293586
37.336655 2.141409
40.454945 1.958305
31.748346 11.721565
40.760773 2.657711
37.602390 2.892071
31.810698 9.373760
34.134800 4.359428
38.738323 3.742085
31.802471 5.006626
34.770203 2.470123
31.944658 6.231741
30.288174 11.570312
40.279083 3.721726
34.134800 4.359428
31.395409 9.278671
38.701313 3.799774
38.661144 1.975364
38.866817 2.837001
38.887241 2.364337
38.866817 2.837001
39.235233 2.109801
36.105988 2.754535
42.217236 3.188373
33.888763 3.926882
36.350971 3.700868
36.313728 3.788061
37.881626 3.434731
43.636684 1.768848
32.181183 4.512772
31.713242 9.125523
38.654579 2.858235
38.696495 2.555918
37.345604 3.412128
37.529205 1.951297
38.133148 1.996965
34.100090 4.197307
39.014809 3.429592
34.054375 4.694650
31.727770 9.476858
37.854233 2.078145
38.866817 2.837001
41.113487 3.311180
40.062630 2.320348
35.327595 3.752937
37.822998 3.557205
34.763645 2.420605
36.932362 2.758730
39.676590 3.769204
40.226997 2.481819
40.091938 2.430902
39.045605 2.291118
29.360239 14.082767
40.109474 2.205878
31.713242 9.125523
37.872185 2.496508
39.910934 3.520434
37.644596 2.479673
38.011871 3.486226
40.182171 2.250682
41.671642 2.246565
34.091923 4.515718
30.255487 17.090967
35.005711 2.044992
34.445431 1.549533
40.284977 3.465838
36.487099 3.682965
39.978947 3.791728
37.057114 1.960251
34.933270 3.652058
34.054375 4.694650
40.182171 2.250682
44.160370 1.871131
37.708462 2.221857
38.661144 1.975364
35.964138 2.293586
41.581772 2.313429
35.553497 3.252451
31.818727 5.007691
38.780876 2.340147
36.382355 1.926232
40.827480 3.674564
30.959946 14.905223
34.013531 3.753926
35.221737 2.596478
38.257816 1.912769
37.520653 2.998354
39.235233 2.109801
40.109474 2.205878
36.168427 1.915183
34.140934 4.435944
38.273804 2.291690
38.652676 2.100771
34.445431 1.549533
36.494835 3.568739
39.123760 2.692804
31.345613 11.793612
32.016167 9.694407
40.934185 2.242221
31.910181 13.343881
41.725018 2.415514
40.226997 2.481819
31.345613 11.793612
36.603878 1.931758
37.872185 2.496508
37.717884 3.676847
31.967060 9.509786
31.051781 10.426852
40.370449 3.165596
33.680382 4.020938
31.713242 9.125523
43.630795 1.706318
31.818727 5.007691
38.652676 2.100771
37.721680 2.881478
37.822998 3.557205
36.313728 3.788061
34.239201 4.350381
36.524017 3.337893
37.644596 2.479673
37.520653 2.998354
31.942318 4.113017
34.505478 4.014291
36.105988 2.754535
38.154709 2.388287
36.603878 1.931758
38.733063 3.007738
38.564823 2.390842
35.005711 2.044992
38.775871 2.678421
38.887241 2.364337
36.861927 2.819688
40.226997 2.481819
36.596596 2.845463
38.929398 2.175317
40.934185 2.242221
31.713242 9.125523
34.541637 3.708040
38.676788 2.917887
34.432846 4.065612
38.887241 2.364337
39.949993 2.668850
37.099762 2.146584
38.001930 2.880964
33.859116 4.674845
35.781494 3.145943
38.245041 2.213592
38.841125 2.517045
39.389637 2.184808
30.235369 14.478891
33.478271 4.686749
35.404259 3.562841
33.375153 2.983785
31.818727 5.007691
36.105988 2.754535
41.389488 2.830142
36.096981 3.577973
38.987312 1.961833
34.769585 3.215043
38.771755 2.956478
31.395409 9.278671
31.395409 9.278671
34.239201 4.350381
35.077377 2.712025
35.404259 3.562841
40.632088 1.949016
35.727638 2.318927
31.612915 4.897095
37.529205 1.951297
36.823334 2.935511
36.588589 3.787694
40.148296 2.235760
38.958015 3.753415
40.370449 3.165596
34.933270 3.652058
36.997322 3.585675
38.929398 2.175317
35.610729 2.726529
30.288174 11.570312
38.696495 2.555918
35.704895 2.825102
37.819206 2.089697
38.696495 2.555918
36.833328 3.347711
40.370449 3.165596
34.023773 4.048009
38.162300 2.087941
44.160370 1.871131
40.263054 2.500054
40.182171 2.250682
35.708305 3.230618
36.920437 2.941371
38.383598 2.364773
40.934185 2.242221
38.468029 3.320864
38.763962 2.347365
39.894623 3.772520
40.062630 2.320348
38.269558 2.376485
37.310959 3.341327
31.395409 9.278671
41.250462 2.138958
30.239229 14.224382
34.769585 3.215043
33.804699 4.213233
34.358234 4.665204
37.540096 3.406711
38.771755 2.956478
38.487553 3.745970
36.613224 1.963920
31.051781 10.426852
39.755730 2.155132
34.140934 4.435944
40.182171 2.250682
36.462715 3.722716
38.011871 3.486226
38.530415 3.540012
40.239441 3.730525
30.573828 11.386182
38.654579 2.858235
34.801266 2.211222
39.704510 2.347420
34.933270 3.652058
38.741966 2.581972
37.018452 2.357644
30.573828 11.386182
38.064663 2.635721
39.123760 2.692804
34.023773 4.048009
37.881626 3.434731
34.933270 3.652058
41.329121 1.923621
31.868299 13.985906
29.856041 13.507543
36.494835 3.568739
37.829597 2.746007
39.630829 2.100345
35.622963 3.697850
37.438290 2.657922
34.801266 2.211222
40.987774 3.760247
31.818727 5.007691
38.887241 2.364337
31.491133 5.922667
40.632088 1.949016
40.179893 2.883029
36.716576 2.663678
38.276646 2.459234
38.273804 2.291690
35.622963 3.697850
39.042671 3.050299
39.350323 2.360389
38.581593 2.417899
36.377625 3.646863
36.237808 1.990620
36.603878 1.931758
36.823334 2.935511
31.194189 11.767526
40.827480 3.674564
40.109474 2.205878
34.342945 4.559152
39.445225 3.648330
38.929398 2.175317
31.533253 5.089864
39.539680 2.488585
34.100090 4.197307
38.654579 2.858235
36.696171 3.614066
37.336655 2.141409
28.698341 14.462224
36.096981 3.577973
38.269558 2.376485
38.827911 2.377661
39.042671 3.050299
36.603878 1.931758
36.603878 1.931758
39.847553 3.491503
39.653999 2.505013
31.810698 9.373760
37.707188 3.763298
39.312641 2.183617
33.478271 4.686749
37.708462 2.221857
37.653896 2.746970
43.636684 1.768848
40.226997 2.481819
37.836414 3.211268
40.226997 2.481819
31.051781 10.426852
40.109474 2.205878
38.162300 2.087941
31.533253 5.089864
36.833328 3.347711
31.996305 14.011367
41.329121 1.923621
38.273804 2.291690
34.023773 4.048009
39.350323 2.360389
34.445431 1.549533
39.847553 3.491503
39.235233 2.109801
37.529205 1.951297
36.603878 1.931758
39.715481 3.533029
40.987774 3.760247
37.924614 2.386369
38.273804 2.291690
36.105988 2.754535
34.941700 2.037534
34.100090 4.197307
30.239229 14.224382
39.123760 2.692804
38.806606 2.048115
32.016167 9.694407
39.179886 2.688619
37.520653 2.998354
40.698544 3.680256
38.952133 3.143094
39.704510 2.347420
39.859425 2.117556
40.178696 2.499219
40.545574 2.009790
40.226997 2.481819
38.462498 2.264306
37.639336 3.674787
36.861927 2.819688
39.256042 2.549297
37.737930 2.303010
40.300037 2.667612
39.608109 3.311852
38.661144 1.975364
39.099186 1.988898
31.491133 5.922667
35.472370 3.701733
34.505478 4.014291
38.487553 3.745970
38.459766 2.434069
39.122761 2.865970
32.113300 12.313203
36.864475 2.412350
40.675888 2.533618
29.360239 14.082767
40.053177 2.396482
38.192326 2.457370
34.091923 4.515718
37.702026 2.093496
31.051781 10.426852
36.044262 3.533641
38.818016 3.507197
37.336655 2.141409
35.976360 1.976062
36.105988 2.754535
41.150295 3.231913
38.915211 2.426908
40.827480 3.674564
39.407284 1.937707
38.466248 3.453467
38.929398 2.175317
39.069981 2.075281
29.269743 14.887698
31.491133 5.922667
35.976360 1.976062
34.054375 4.694650
36.477028 1.988246
30.239229 14.224382
39.328838 2.275781
37.847301 2.672370
31.276251 10.591223
38.866817 2.837001
36.864475 2.412350
38.806606 2.048115
38.701313 3.799774
36.487099 3.682965
37.737930 2.303010
34.100090 4.197307
39.092216 3.771840
40.226997 2.481819
38.273804 2.291690
34.140934 4.435944
38.827911 2.377661
34.100090 4.197307
35.629272 3.185019
40.903439 1.926091
34.100090 4.197307
37.841164 2.910014
39.715481 3.533029
38.110500 3.518580
40.835201 2.192696
36.819111 2.477880
35.622963 3.697850
35.704895 2.825102
31.194189 11.767526
33.110710 4.621603
38.654579 2.858235
38.051998 2.893145
40.182171 2.250682
36.760868 3.706302
39.039783 3.719841
41.329121 1.923621
31.868299 13.985906
40.216286 2.806413
38.738323 3.742085
37.707188 3.763298
39.042671 3.050299
38.827911 2.377661
40.370449 3.165596
34.013531 3.753926
40.987774 3.760247
44.190994 1.705724
40.226997 2.481819
37.099762 2.146584
35.934971 3.353438
32.110050 14.181855
33.110710 4.621603
31.395409 9.278671
43.829498 1.899900
34.091923 4.515718
31.720612 4.972798
35.130424 3.664827
39.123760 2.692804
31.802471 5.006626
40.324020 3.664420
36.230267 2.607581
32.192532 14.351582
37.751911 2.146535
36.477028 1.988246
39.067066 3.148808
32.080109 10.757392
36.105988 2.754535
41.491302 1.912210
38.654579 2.858235
39.067066 3.148808
38.011871 3.486226
36.603878 1.931758
35.964138 2.293586
38.269558 2.376485
37.872185 2.496508
38.622276 3.624238
32.113300 12.313203
38.245041 2.213592
39.715481 3.533029
40.263054 2.500054
36.487099 3.682965
35.781494 3.145943
32.113300 12.313203
36.760868 3.706302
39.745201 3.776688
37.644596 2.479673
38.661144 1.975364
37.529205 1.951297
35.077377 2.712025
30.573828 11.386182
37.529205 1.951297
40.182171 2.250682
38.064663 2.635721
38.652676 2.100771
36.957752 2.364888
39.451725 3.634743
41.157066 3.705162
37.847301 2.672370
38.738323 3.742085
35.221737 2.596478
44.160370 1.871131
40.370449 3.165596
34.091923 4.515718
40.239441 3.730525
30.573828 11.386182
37.520653 2.998354
34.054375 4.694650
38.654579 2.858235
38.269558 2.376485
40.628487 1.915234
34.140934 4.435944
40.835201 2.192696
31.159235 10.029870
39.529907 2.755576
37.895622 3.302330
38.463139 3.788413
40.550201 3.769189
40.300037 2.667612
40.182171 2.250682
38.581593 2.417899
36.957752 2.364888
34.054375 4.694650
37.015423 2.497610
34.054375 4.694650
40.628487 1.915234
31.278069 11.594212
33.859116 4.674845
37.872185 2.496508
37.529205 1.951297
37.737930 2.303010
34.933270 3.652058
34.054375 4.694650
35.041836 2.117439
31.051781 10.426852
34.445431 1.549533
32.113300 12.313203
41.671642 2.246565
40.827480 3.674564
39.045605 2.291118
38.463139 3.788413
39.039783 3.719841
37.430695 3.658589
39.459801 2.625950
34.100090 4.197307
34.358234 4.665204
38.965279 2.400537
37.707188 3.763298
39.277340 3.660671
39.069981 2.075281
41.631912 2.908124
37.094803 3.669715
37.819206 2.089697
38.771755 2.956478
39.539680 2.488585
38.806606 2.048115
31.802471 5.006626
44.160370 1.871131
38.887241 2.364337
36.448360 2.868929
31.491133 5.922667
35.610729 2.726529
32.016167 9.694407
34.769585 3.215043
38.738323 3.742085
39.039783 3.719841
36.487099 3.682965
38.915211 2.426908
36.450680 1.944292
38.676788 2.917887
38.887241 2.364337
34.443001 3.964288
31.486322 10.738736
31.491133 5.922667
38.958015 3.753415
40.109474 2.205878
39.069981 2.075281
31.713242 9.125523
31.395409 9.278671
40.182171 2.250682
36.603878 1.931758
38.011871 3.486226
40.254032 3.617599
31.802471 5.006626
39.039783 3.719841
35.381226 3.712960
37.707188 3.763298
36.443058 3.496282
38.168091 2.034387
36.044262 3.533641
41.329121 1.923621
38.887241 2.364337
35.622963 3.697850
39.542950 2.566370
38.915211 2.426908
32.016167 9.694407
32.113300 12.313203
31.713242 9.125523
39.069981 2.075281
40.109474 2.205878
34.941700 2.037534
36.450680 1.944292
38.847225 2.007537
38.696495 2.555918
39.451725 3.634743
38.780876 2.340147
40.903439 1.926091
34.054375 4.694650
38.654579 2.858235
41.201374 3.718296
40.062630 2.320348
37.057114 1.960251
37.834965 3.704956
37.307491 3.486227
37.937489 3.564829
38.025787 2.342929
30.792315 11.386985
31.713242 9.125523
37.328876 2.868427
34.140934 4.435944
33.478271 4.686749
37.273327 2.173715
33.478271 4.686749
38.925049 2.580538
39.389637 2.184808
35.622963 3.697850
30.288174 11.570312
34.358234 4.665204
37.699799 1.910309
40.179893 2.883029
35.124687 2.857363
41.401215 2.138837
40.550201 3.769189
43.630795 1.706318
38.273804 2.291690
36.603878 1.931758
34.630871 3.453893
38.608128 2.755059
30.288174 11.570312
38.958015 3.753415
32.028446 11.306968
34.743195 2.291684
40.948330 1.989159
31.868299 13.985906
40.182171 2.250682
37.529205 1.951297
33.021999 4.493813
34.054375 4.694650
38.162300 2.087941
36.105988 2.754535
40.790176 2.435982
31.713242 9.125523
33.540230 4.681975
41.631912 2.908124
40.873756 3.615422
39.042671 3.050299
38.929398 2.175317
38.749611 3.285609
37.099762 2.146584
39.300797 2.827294
38.925049 2.580538
40.827480 3.674564
33.923164 4.281188
42.217236 3.188373
37.307491 3.486227
36.044262 3.533641
40.016022 2.394441
33.859116 4.674845
38.276646 2.459234
37.529205 1.951297
32.192532 14.351582
38.411045 1.986230
40.698544 3.680256
38.987312 1.961833
38.269558 2.376485
39.074795 3.502148
38.738323 3.742085
40.226997 2.481819
39.413094 3.624506
33.510277 4.261356
37.071098 2.906721
31.988428 5.182933
38.841125 2.517045
37.847301 2.672370
39.300797 2.827294
32.889553 4.184594
35.472370 3.701733
33.908546 4.023095
40.370449 3.165596
36.313728 3.788061
32.113300 12.313203
30.288174 11.570312
37.737930 2.303010
37.751911 2.146535
37.881626 3.434731
39.833431 3.061490
36.596596 2.845463
37.385925 2.146422
35.472370 3.701733
31.944658 6.231741
40.550201 3.769189
39.931259 3.726243
36.811954 2.019068
38.738323 3.742085
40.934185 2.242221
38.652676 2.100771
39.544044 2.852741
37.310959 3.341327
34.054375 4.694650
33.021999 4.493813
38.847225 2.007537
40.718811 3.440877
41.197266 2.909117
39.847553 3.491503
37.751911 2.146535
36.999401 3.643733
31.533253 5.089864
35.472370 3.701733
38.797558 3.766764
38.466248 3.453467
34.414398 4.468130
39.042671 3.050299
38.031555 2.105418
39.122761 2.865970
37.707188 3.763298
41.822758 2.244231
38.987312 1.961833
44.094963 1.939970
36.120094 3.702723
34.941700 2.037534
39.931259 3.726243
38.855064 2.996635
36.603878 1.931758
38.656693 1.965167
36.811954 2.019068
36.313728 3.788061
36.957752 2.364888
40.226997 2.481819
37.708462 2.221857
40.827480 3.674564
36.105988 2.754535
34.933270 3.652058
40.370449 3.165596
36.255253 2.485818
39.544044 2.852741
36.105988 2.754535
40.670452 1.957765
31.720612 4.972798
36.448360 2.868929
38.064663 2.635721
38.771755 2.956478
31.944658 6.231741
36.450680 1.944292
39.704510 2.347420
39.754040 2.515903
34.505478 4.014291
37.529205 1.951297
36.168427 1.915183
30.239229 14.224382
37.099762 2.146584
37.707188 3.763298
37.737930 2.303010
37.751911 2.146535
37.320164 3.379989
32.181183 4.512772
40.827480 3.674564
39.539680 2.488585
31.491133 5.922667
36.448360 2.868929
38.161533 3.659789
38.564823 2.390842
37.708462 2.221857
30.288174 11.570312
36.168427 1.915183
34.542381 3.605741
40.442852 1.951771
38.245041 2.213592
42.217236 3.188373
41.329121 1.923621
38.064663 2.635721
36.105988 2.754535
40.628487 1.915234
38.608128 2.755059
40.827480 3.674564
40.675888 2.533618
32.060566 12.319448
38.738323 3.742085
33.034992 4.537573
31.194189 11.767526
31.186977 11.455782
39.544044 2.852741
37.057114 1.960251
37.737930 2.303010
35.781494 3.145943
35.964138 2.293586
31.810698 9.373760
40.827480 3.674564
35.230614 3.672923
38.780876 2.340147
40.263054 2.500054
36.760868 3.706302
38.368206 2.064266
33.110710 4.621603
39.544044 2.852741
34.941700 2.037534
39.014809 3.429592
32.028446 11.306968
37.320164 3.379989
37.361687 3.725461
40.174847 2.542294
31.395409 9.278671
32.028446 11.306968
40.053177 2.396482
30.255487 17.090967
39.847553 3.491503
37.520653 2.998354
29.856041 13.507543
34.342945 4.559152
31.713242 9.125523
37.721680 2.881478
38.866817 2.837001
35.781494 3.145943
44.160370 1.871131
37.540096 3.406711
33.859116 4.674845
37.310959 3.341327
40.776833 3.714176
33.804699 4.213233
33.510277 4.261356
31.720612 4.972798
37.529205 1.951297
37.529205 1.951297
37.961521 3.662389
35.603596 2.331789
35.472370 3.701733
34.769585 3.215043
29.327570 14.458581
37.336655 2.141409
39.277340 3.660671
31.954752 10.845930
34.769585 3.215043
40.550201 3.769189
37.139469 2.437273
40.934185 2.242221
38.269558 2.376485
44.160370 1.871131
41.000774 3.517756
40.760773 2.657711
39.328838 2.275781
31.942318 4.113017
30.239229 14.224382
38.652676 2.100771
35.603596 2.331789
36.861927 2.819688
34.342945 4.559152
35.781494 3.145943
38.637230 3.427559
40.442852 1.951771
40.827480 3.674564
39.312641 2.183617
37.307491 3.486227
38.780876 2.340147
37.836414 3.211268
34.054375 4.694650
37.881626 3.434731
38.462498 2.264306
38.487553 3.745970
30.239229 14.224382
36.377625 3.646863
31.284916 4.520814
39.106155 2.664338
36.932362 2.758730
40.987774 3.760247
36.168427 1.915183
40.827480 3.674564
40.053177 2.396482
40.251511 2.562202
31.051781 10.426852
36.105988 2.754535
39.256042 2.549297
31.654961 9.183579
39.123760 2.692804
33.804699 4.213233
41.329121 1.923621
34.140934 4.435944
34.445431 1.549533
31.944658 6.231741
38.887241 2.364337
36.603878 1.931758
37.520653 2.998354
40.987774 3.760247
41.671642 2.246565
39.407284 1.937707
39.235233 2.109801
37.708462 2.221857
37.751911 2.146535
38.652676 2.100771
38.276646 2.459234
34.091923 4.515718
31.988428 5.182933
35.964138 2.293586
38.661144 1.975364
31.748346 11.721565
38.257816 1.912769
34.359135 4.154373
37.721680 2.881478
36.603878 1.931758
37.157940 2.251721
37.721680 2.881478
34.054375 4.694650
38.064663 2.635721
29.327570 14.458581
38.273804 2.291690
34.054375 4.694650
34.054375 4.694650
38.925049 2.580538
36.443058 3.496282
42.040421 2.930305
31.954752 10.845930
40.827480 3.674564
32.113300 12.313203
39.451725 3.634743
36.603878 1.931758
34.941700 2.037534
37.822998 3.557205
31.491133 5.922667
38.168091 2.034387
31.944658 6.231741
34.342945 4.559152
39.359268 2.921065
31.612915 4.897095
35.077377 2.712025
34.023773 4.048009
39.931259 3.726243
40.182171 2.250682
30.792315 11.386985
36.255253 2.485818
38.487553 3.745970
41.000774 3.517756
34.342945 4.559152
40.827480 3.674564
39.451725 3.634743
36.255253 2.485818
38.411045 1.986230
39.123760 2.692804
38.652676 2.100771
36.168427 1.915183
38.245041 2.213592
31.186977 11.455782
39.847553 3.491503
33.110710 4.621603
36.603878 1.931758
37.307491 3.486227
31.810698 9.373760
31.575888 11.427032
33.110710 4.621603
35.130424 3.664827
37.737930 2.303010
37.336655 2.141409
31.395409 9.278671
34.013531 3.753926
38.411045 1.986230
37.961521 3.662389
38.581593 2.417899
33.034992 4.537573
34.091923 4.515718
31.944658 6.231741
34.134800 4.359428
41.725018 2.415514
31.944658 6.231741
31.276251 10.591223
38.654579 2.858235
39.042671 3.050299
38.763962 2.347365
33.110710 4.621603
34.770203 2.470123
40.109474 2.205878
35.472370 3.701733
36.603878 1.931758
37.328876 2.868427
34.342945 4.559152
39.235233 2.109801
37.438290 2.657922
39.755730 2.155132
34.091923 4.515718
40.827480 3.674564
31.194189 11.767526
39.653999 2.505013
35.964138 2.293586
38.168091 2.034387
42.040421 2.930305
40.760773 2.657711
38.463139 3.788413
31.612915 4.897095
29.856041 13.507543
35.781494 3.145943
37.389515 3.124107
37.307491 3.486227
36.105988 2.754535
41.329121 1.923621
40.698544 3.680256
38.162300 2.087941
38.463139 3.788413
34.941700 2.037534
36.168427 1.915183
38.276646 2.459234
39.312641 2.183617
30.288174 11.570312
38.161533 3.659789
38.462498 2.264306
37.822998 3.557205
35.610729 2.726529
38.866817 2.837001
31.713242 9.125523
35.226788 2.756155
30.573828 11.386182
33.804699 4.213233
31.051781 10.426852
41.157066 3.705162
37.041992 2.435939
38.245041 2.213592
41.150295 3.231913
39.544044 2.852741
33.680382 4.020938
34.100090 4.197307
37.094803 3.669715
37.721680 2.881478
39.312641 2.183617
38.654579 2.858235
31.988428 5.182933
40.632088 1.949016
41.329121 1.923621
37.751911 2.146535
34.443001 3.964288
31.713242 9.125523
38.928596 3.618927
37.389515 3.124107
37.345604 3.412128
34.134800 4.359428
43.630795 1.706318
38.906647 2.243283
37.273327 2.173715
34.013531 3.753926
37.707188 3.763298
36.448360 2.868929
39.451725 3.634743
36.450680 1.944292
40.370449 3.165596
34.933270 3.652058
37.529205 1.951297
40.370449 3.165596
28.698341 14.462224
41.329121 1.923621
34.100090 4.197307
38.581593 2.417899
30.792315 11.386985
38.654579 2.858235
39.235233 2.109801
31.426682 3.929425
31.944658 6.231741
40.324020 3.664420
37.707188 3.763298
36.255253 2.485818
38.245041 2.213592
35.005711 2.044992
41.671642 2.246565
40.148296 2.235760
34.023773 4.048009
37.310959 3.341327
37.065948 2.261346
38.273804 2.291690
31.491133 5.922667
40.182171 2.250682
34.941700 2.037534
38.887241 2.364337
36.613224 1.963920
37.737930 2.303010
41.631912 2.908124
36.487099 3.682965
31.186977 11.455782
37.737930 2.303010
40.987774 3.760247
39.179886 2.688619
44.094963 1.939970
38.581593 2.417899
34.140934 4.435944
38.696495 2.555918
39.704510 2.347420
31.491133 5.922667
38.654579 2.858235
35.964138 2.293586
31.491133 5.922667
31.395409 9.278671
39.069981 2.075281
37.989147 1.926390
37.273327 2.173715
40.370449 3.165596
34.140934 4.435944
41.250462 2.138958
38.064663 2.635721
38.738323 3.742085
40.933037 3.752079
36.313728 3.788061
39.277340 3.660671
40.442852 1.951771
38.965279 2.400537
38.269558 2.376485
37.310959 3.341327
33.478271 4.686749
36.603878 1.931758
38.269558 2.376485
36.524017 3.337893
37.307491 3.486227
36.603878 1.931758
37.361687 3.725461
38.011871 3.486226
37.529205 1.951297
41.671642 2.246565
36.313728 3.788061
38.887241 2.364337
38.915211 2.426908
36.105988 2.754535
34.023773 4.048009
32.028446 11.306968
40.628487 1.915234
44.094963 1.939970
35.603596 2.331789
38.462498 2.264306
34.941700 2.037534
34.941700 2.037534
30.573828 11.386182
38.064663 2.635721
34.941700 2.037534
38.463139 3.788413
35.553497 3.252451
39.413094 3.624506
38.696495 2.555918
36.956287 3.583804
34.091923 4.515718
40.760773 2.657711
37.310959 3.341327
39.413094 3.624506
41.624039 3.620892
33.510277 4.261356
40.053177 2.396482
38.051998 2.893145
38.222092 3.757772
35.781494 3.145943
39.544044 2.852741
35.964138 2.293586
38.949181 2.435367
36.349186 3.614371
38.064663 2.635721
40.628487 1.915234
38.780876 2.340147
39.069981 2.075281
38.269558 2.376485
39.067066 3.148808
37.737930 2.303010
37.307491 3.486227
39.459801 2.625950
36.105988 2.754535
33.804699 4.213233
31.810698 9.373760
36.313728 3.788061
34.933270 3.652058
31.720612 4.972798
36.603878 1.931758
35.964138 2.293586
31.051781 10.426852
39.544044 2.852741
40.545574 2.009790
34.770203 2.470123
37.307491 3.486227
37.389515 3.124107
31.159235 10.029870
40.226997 2.481819
37.520653 2.998354
44.160370 1.871131
34.091923 4.515718
31.954752 10.845930
41.157066 3.705162
36.313728 3.788061
34.100090 4.197307
38.652676 2.100771
35.472370 3.701733
36.377625 3.646863
36.583645 2.510850
35.077377 2.712025
38.581593 2.417899
40.305443 3.551125
39.256042 2.549297
37.529205 1.951297
37.881626 3.434731
40.760773 2.657711
31.720612 4.972798
38.654579 2.858235
39.039783 3.719841
41.567314 2.133487
30.573828 11.386182
36.230267 2.607581
37.094803 3.669715
37.872185 2.496508
40.947014 3.432019
38.887241 2.364337
34.091923 4.515718
33.923164 4.281188
36.823334 2.935511
38.738323 3.742085
34.933270 3.652058
40.835201 2.192696
37.737930 2.303010
37.707188 3.763298
33.859116 4.674845
36.613224 1.963920
38.168091 2.034387
36.544102 2.433661
31.720612 4.972798
40.835201 2.192696
36.603878 1.931758
38.064663 2.635721
37.707188 3.763298
37.041992 2.435939
36.105988 2.754535
40.178696 2.499219
36.255253 2.485818
41.183857 3.495638
37.822998 3.557205
39.312641 2.183617
40.263054 2.500054
37.529205 1.951297
39.179886 2.688619
36.481316 3.226931
31.823444 11.881408
34.013531 3.753926
31.186977 11.455782
37.737930 2.303010
40.179893 2.883029
40.947014 3.432019
31.713242 9.125523
37.961521 3.662389
38.411045 1.986230
38.696495 2.555918
34.770203 2.470123
38.162300 2.087941
