51.271233 3.094627
54.503860 3.048181
51.388512 3.134663
53.356716 3.248524
53.756588 3.571897
54.480759 3.084872
54.445644 3.075343
51.487274 3.105937
54.563267 2.569625
54.320343 3.114261
54.390152 3.028185
54.353210 3.077695
45.818047 3.498757
54.446064 3.076080
45.733624 3.447044
54.433666 3.110481
50.621567 2.894667
51.441158 3.322095
50.608944 2.906877
54.321529 3.117063
54.444523 3.094281
50.612648 2.901398
54.358696 3.099613
54.454510 3.062883
54.352352 3.075442
54.327904 3.110272
54.336361 3.109131
54.318089 3.117668
51.416451 3.078937
54.448227 3.087211
45.818718 3.514675
51.232758 3.113821
54.392502 3.054937
52.117260 2.901484
45.823536 3.519844
51.443523 3.145303
54.316952 3.114709
53.688377 3.617107
53.492722 3.302494
54.336208 3.070722
51.284714 3.085427
53.613594 3.487121
53.613594 3.487121
52.496040 2.960726
51.310169 3.068774
54.323196 3.110162
54.483028 3.066912
45.689869 3.442516
54.350658 3.071393
53.607975 3.488816
54.473145 3.111453
54.359272 3.034836
45.765625 3.513775
51.436340 3.130122
54.426739 3.096797
54.356060 3.038253
53.722603 3.558707
49.281101 2.999141
51.388233 3.133222
51.487274 3.105937
54.449108 3.116450
49.319698 3.013047
52.886337 3.376433
54.454121 3.079241
53.756588 3.571897
51.313732 3.064515
54.328758 3.034967
50.635521 2.892856
45.783840 3.439531
54.456669 3.065243
54.362942 3.074448
54.451889 3.109012
45.825256 3.534332
54.431084 3.111109
54.449677 3.061104
45.810139 3.508870
50.580994 2.917565
54.456326 3.127315
54.406498 3.041508
53.316418 3.765073
54.460213 3.080287
51.719307 2.952686
54.458397 3.062683
50.583733 2.916662
54.358696 3.099613
50.628979 2.891349
54.340790 3.116710
54.464027 3.080799
54.340790 3.116710
50.600964 2.909905
51.459377 3.122501
54.348663 3.083551
49.521343 2.864775
51.385262 3.176962
51.418499 3.139511
54.471436 3.052624
45.761505 3.503648
54.331436 3.093395
54.578243 2.709481
54.470982 3.069027
54.454510 3.062883
54.480812 3.071420
49.463032 2.874270
49.907616 2.953192
51.309982 3.064590
54.343060 3.054199
50.601852 2.904806
54.445644 3.075343
54.473145 3.111453
54.400345 3.032946
54.434135 2.213069
54.447369 3.110369
53.688377 3.617107
45.824524 3.532335
53.610397 3.485588
45.733555 3.446937
54.524334 3.115708
20.995535 14.040760
49.461491 2.890369
51.444962 3.121805
45.798450 3.504180
54.542938 3.107391
45.835766 3.518470
50.674099 2.871988
51.493019 3.103073
54.464851 3.056077
45.798450 3.504180
51.473984 3.114481
54.457973 3.053760
53.688843 3.587216
54.353210 3.077695
48.745373 2.702068
54.589725 2.702605
54.426426 3.098299
54.454121 3.079241
45.823570 3.495505
54.336998 3.071647
45.851143 3.537039
50.635521 2.892856
54.441547 3.068102
54.369720 3.055302
51.435902 3.134090
54.358131 3.072233
50.663563 2.878863
54.418167 3.081328
51.436340 3.130122
54.419968 3.096399
45.845951 3.515021
54.412334 3.108216
54.323410 3.117634
54.437084 3.123622
54.429348 3.090045
50.632355 2.888351
54.340809 3.096862
49.499409 2.883218
54.322350 3.100808
45.733555 3.446937
54.371399 3.053697
53.756588 3.571897
54.482082 3.103209
54.393318 3.046709
53.631054 3.470774
54.423889 3.074602
48.872425 3.010381
45.733814 3.423885
54.323196 3.110162
54.442886 3.093611
45.871635 3.534503
54.358696 3.099613
51.266735 3.072025
51.271233 3.094627
48.918514 2.980423
54.437618 3.088375
54.376938 3.067077
51.456177 3.125530
51.459377 3.122501
53.431274 3.236855
51.232758 3.113821
54.365265 3.039531
54.333557 3.108976
54.442299 3.095797
54.578659 2.705049
54.437084 3.123622
54.350952 3.071384
54.363491 3.083771
45.754860 3.507047
45.825325 3.521672
50.580994 2.917565
54.456669 3.065243
51.390583 3.114096
51.452126 3.130471
49.539551 2.866053
54.333908 3.052054
52.950874 3.356472
54.442299 3.095797
53.627918 3.473514
54.364487 3.041945
45.841343 3.534588
51.715508 2.953621
45.762077 3.499610
54.415207 3.108771
54.571804 2.712335
51.443523 3.145303
54.327095 3.109387
49.518600 2.878405
54.453396 3.097508
51.448544 3.138453
54.392502 3.054937
54.350658 3.041680
53.607975 3.488816
52.931290 3.366532
52.178848 2.473055
54.363331 3.069518
51.446659 3.062160
50.637100 2.888037
54.450356 3.102626
49.309772 3.016913
51.474514 3.116922
53.739803 3.580163
54.588055 2.545224
53.713463 3.604557
54.372635 3.070211
45.775162 3.507475
54.371399 3.053697
51.473984 3.114481
54.471821 3.041259
54.432823 3.078555
51.447048 3.121676
54.451889 3.109012
54.440784 3.076032
54.475815 3.089044
51.250820 3.095756
45.810139 3.508870
50.600235 2.906803
51.579350 2.666029
54.360466 3.108828
45.812820 3.520747
54.402542 3.113698
52.904339 3.393103
53.683449 3.367854
54.428135 3.088527
54.415089 3.091490
51.449131 3.131046
54.463184 3.083445
53.413776 3.249084
54.393436 3.104802
54.274025 3.113892
49.518600 2.878405
54.353645 3.071525
54.362942 3.074448
52.932911 3.378880
54.441547 3.068102
54.426907 3.072057
53.739803 3.580163
49.518600 2.878405
54.412666 3.130908
51.416451 3.078937
52.898029 3.355380
54.336998 3.071647
45.791985 3.497876
49.272293 3.009790
54.315567 3.119805
45.818340 3.521939
54.462749 3.071742
45.791985 3.497876
48.918282 2.990426
49.272293 3.009790
52.502232 2.958032
54.418400 3.047841
54.441360 3.082462
54.426739 3.096797
45.765377 3.504058
54.299477 3.137558
53.356716 3.248524
54.441547 3.068102
53.317963 3.096451
54.426426 3.098299
50.635521 2.892856
45.779842 3.506609
54.319283 3.076836
54.370823 3.064861
51.489254 3.108320
54.343006 3.086917
50.621319 2.896746
53.689423 3.582404
54.334999 3.106016
54.442284 3.104277
51.719307 2.952686
45.843937 3.534466
50.608944 2.906877
54.462749 3.071742
53.326836 3.090804
54.440784 3.076032
54.393051 3.046527
51.279453 3.084411
54.588055 2.545224
54.446297 3.135111
54.348808 3.082232
53.604309 3.487683
51.394119 3.160911
51.459377 3.122501
49.311382 3.017162
51.428333 3.149038
54.362988 3.063664
49.464207 2.904204
54.350643 3.082070
49.488823 2.892691
54.293053 3.120245
54.343582 3.065434
49.473835 2.901092
51.440414 3.140589
45.839901 3.519845
54.448071 3.060590
51.510109 3.093549
51.436340 3.130122
45.871635 3.534503
49.984623 2.897745
50.580994 2.917565
54.347607 3.069242
54.482384 3.055918
54.349918 3.081749
53.508106 3.293899
45.794769 3.529860
54.406498 3.041508
52.955029 3.347380
54.419655 3.090555
54.402824 3.112631
51.394119 3.160911
54.370266 3.042466
48.907570 2.985868
54.315567 3.119805
54.371948 3.070472
53.371761 3.239154
48.889870 2.996888
45.720291 3.427046
49.928410 2.936654
45.672489 3.462640
54.446297 3.135111
50.608944 2.906877
45.789108 3.504886
54.397778 3.042080
52.950874 3.356472
54.470406 3.047402
53.631054 3.470774
54.418442 3.103813
48.918514 2.980423
53.607975 3.488816
54.393051 3.046527
54.320343 3.114261
49.425850 2.915891
51.699493 2.965805
48.725513 2.715374
54.420574 3.077854
54.415852 3.050289
45.733555 3.446937
54.385052 3.083148
54.395515 3.028830
54.406002 3.091827
53.274654 3.128430
54.426311 3.071201
54.462677 3.057662
51.715508 2.953621
54.503860 3.048181
45.850849 3.535318
54.372993 3.049700
54.471821 3.041259
54.377922 3.031388
45.808273 3.495963
45.770687 3.500728
54.425392 3.089954
54.455090 3.057673
54.438862 3.080233
54.478409 3.063919
54.348808 3.082232
51.290401 3.072702
54.392891 3.111135
53.722603 3.558707
53.688843 3.587216
51.446659 3.062160
54.325119 3.111063
54.353645 3.071525
54.358131 3.072233
49.528900 2.871490
51.459362 3.108278
54.489449 3.070518
52.931290 3.366532
54.380791 3.061447
50.660538 2.882109
54.475815 3.089044
53.326988 3.091823
54.376900 3.054220
54.441360 3.082462
54.430302 3.121154
51.581375 2.665498
51.440487 3.137490
54.459988 3.068086
54.469456 3.043809
54.442284 3.104277
54.427616 3.088410
51.501198 3.090129
52.928627 3.370879
54.569290 2.724350
53.738731 3.575351
54.362942 3.074448
45.804321 3.503586
54.386520 3.072634
51.459362 3.108278
51.501198 3.090129
45.844913 3.521122
54.457973 3.053760
54.432045 3.107130
51.461361 3.120331
48.745155 2.803862
54.575352 2.717492
45.811676 3.520312
54.372993 3.049700
53.688843 3.587216
53.326836 3.090804
54.369015 3.058125
54.449108 3.116450
54.341858 3.087071
53.335472 3.087174
54.445992 3.072599
51.291111 3.082171
45.765377 3.504058
54.371510 3.070795
54.575962 2.709501
50.608944 2.906877
54.444523 3.094281
54.322578 3.117654
54.442886 3.129740
49.536591 2.871706
54.327770 3.111898
48.721115 2.721760
51.316822 3.053731
54.423889 3.074602
51.313732 3.064515
54.449108 3.116450
51.444012 3.138439
54.395515 3.028830
54.315567 3.081117
48.710823 2.733762
45.716759 3.506096
51.394119 3.160911
51.238739 3.110750
54.430302 3.121154
53.442596 3.248148
54.423203 3.092526
45.811882 3.519395
54.348267 3.078200
54.405689 3.137709
54.541508 2.746911
53.715260 3.590207
54.453396 3.097508
45.826366 3.496749
51.436340 3.130122
54.388771 3.046585
48.702763 2.734366
54.318089 3.117668
54.416866 2.300974
45.851143 3.537039
51.409760 3.086058
54.462353 3.053647
45.783840 3.439531
49.308372 3.022416
51.426277 3.079589
54.384144 3.044833
51.459377 3.122501
53.683449 3.367854
53.613594 3.487121
54.395020 2.290793
51.473682 3.112265
48.719589 2.824120
45.725723 3.514681
51.441113 3.323739
53.657520 3.629915
54.405689 3.137709
54.354053 3.085068
45.789108 3.504886
54.331306 3.109885
54.464855 3.058644
54.412159 2.265294
53.712891 3.572256
54.357826 3.068650
54.371399 3.053697
54.342201 3.091928
51.449131 3.131046
52.117260 2.901484
49.319698 3.013047
53.356716 3.248524
45.802277 3.518471
54.407085 3.105932
52.117260 2.901484
54.365265 3.039531
51.410908 3.095627
54.449451 3.070661
54.366783 3.057755
54.462749 3.071742
54.458565 3.061045
48.721115 2.721760
54.362988 3.063664
53.590736 3.502747
54.341858 3.087071
49.237946 3.027238
49.510166 2.886572
54.393009 3.120475
54.443298 3.081220
54.517231 3.035917
54.353645 3.071525
52.117260 2.901484
54.372364 3.038961
54.457973 3.053760
51.524719 3.097668
54.343582 3.065434
54.413326 3.092695
20.995535 14.040760
53.689423 3.582404
53.383373 3.270624
49.554344 2.843224
51.452084 3.128430
54.449108 3.116450
49.473835 2.901092
21.021984 14.024005
53.613594 3.487121
54.471436 3.052624
52.950874 3.356472
54.433506 3.122666
53.688377 3.617107
51.238739 3.110750
54.350658 3.071393
54.489395 2.319644
49.308372 3.022416
51.454266 3.128061
54.437618 3.088375
53.631054 3.470774
53.700420 3.363631
45.716759 3.506096
53.316418 3.765073
54.462677 3.057662
54.406269 3.095906
54.322411 3.109722
54.293053 3.120245
53.508106 3.293899
45.843937 3.534466
54.319046 3.099459
45.849178 3.516065
54.447369 3.110369
45.782612 3.526764
54.480812 3.071420
51.392490 3.132165
54.325745 3.132678
54.423820 3.100068
54.319046 3.099459
54.445755 3.075153
45.804321 3.503586
54.430656 3.081985
51.436340 3.130122
54.480282 3.069033
47.394196 2.573795
45.842533 3.516544
45.828529 3.532306
54.325520 3.080359
49.473835 2.901092
45.821552 3.517200
51.463806 3.130122
54.411121 3.046188
51.715508 2.953621
51.459362 3.108278
54.323196 3.110162
51.594440 2.655986
51.434025 3.139236
49.281101 2.999141
49.473835 2.901092
49.332218 3.003280
54.471821 3.041259
54.322121 3.095499
54.319046 3.099459
54.371399 3.053697
51.479507 3.091842
54.374027 3.092416
54.393436 3.104802
45.733555 3.446937
54.442974 3.022326
53.613594 3.487121
53.713463 3.604557
54.457973 3.053760
52.875740 3.392019
54.319283 3.076836
53.348652 3.064811
51.232758 3.113821
54.449451 3.070661
54.400387 3.050354
50.621567 2.894667
53.713463 3.604557
53.631313 3.472208
54.327095 3.109387
51.290401 3.072702
52.955029 3.347380
54.319046 3.099459
50.621567 2.894667
54.402824 3.112631
54.361012 3.042416
54.353344 3.059767
45.835941 3.533026
54.335747 3.091976
51.250820 3.095756
52.950874 3.356472
53.573269 3.513302
54.390152 3.028185
53.594368 3.497581
45.793385 3.519945
54.319046 3.099459
54.319283 3.076836
54.417931 3.105284
51.392040 3.113936
45.802277 3.518471
50.688946 2.861405
49.473835 2.901092
49.554344 2.843224
51.271233 3.094627
45.725723 3.514681
51.410561 3.148234
51.388512 3.134663
50.602295 2.901164
51.388233 3.133222
51.309391 3.064647
51.719307 2.952686
54.443516 3.066935
54.299198 3.093554
45.850849 3.535318
54.323196 3.110162
45.689869 3.442516
54.352352 3.075442
54.421127 3.095103
54.353645 3.071525
54.473557 3.084111
54.433666 3.110481
54.516930 3.025830
54.442715 3.087013
54.380791 3.061447
51.232758 3.113821
54.462353 3.053647
49.495605 2.880156
54.331436 3.093395
54.340790 3.116710
51.250820 3.095756
51.428043 3.335111
45.733555 3.446937
54.369473 3.138809
49.988979 2.890594
54.413326 3.092695
54.347084 3.127093
54.406322 3.097451
51.460751 3.124297
54.424496 3.090827
53.427166 3.240890
48.750103 2.807386
54.436401 3.084669
45.840637 3.517531
51.441158 3.322095
54.427616 3.088410
45.851143 3.537039
45.842533 3.516544
49.528637 2.862885
45.689869 3.442516
54.323410 3.117634
49.928410 2.936654
45.811676 3.520312
45.790169 3.524866
54.350403 3.073097
54.363331 3.069518
54.371510 3.070795
54.379047 3.082874
45.811676 3.520312
51.493019 3.103073
45.842533 3.516544
51.428043 3.335111
52.502232 2.958032
52.496040 2.960726
54.336998 3.071647
54.366783 3.057755
51.719307 2.952686
54.449108 3.116450
54.476040 3.137490
45.689869 3.442516
54.449677 3.061104
49.237946 3.027238
51.466915 3.097987
48.737831 2.819079
51.473984 3.114481
53.603962 3.485038
51.446659 3.062160
54.327927 3.088133
52.134174 2.887984
49.266518 3.040997
54.308559 3.120869
49.504288 2.883663
54.358696 3.099613
52.886337 3.376433
51.442677 3.128977
54.360859 3.069504
54.457973 3.053760
45.782612 3.526764
51.444962 3.121805
49.473835 2.901092
45.792809 3.505526
51.316822 3.053731
54.465008 3.074204
50.580994 2.917565
45.825256 3.534332
45.818718 3.514675
54.426426 3.098299
53.316418 3.765073
45.761505 3.503648
51.466915 3.097987
51.239090 3.108744
54.376938 3.067077
54.393318 3.046709
52.932911 3.378880
54.447369 3.110369
45.810139 3.508870
54.420574 3.077854
53.687679 3.594798
53.712891 3.572256
54.380348 3.032506
54.524334 3.115708
54.393436 3.104802
54.329594 3.061657
54.339111 3.057896
45.802277 3.518471
53.756588 3.571897
54.442886 3.093611
54.431084 3.111109
50.608944 2.906877
53.613594 3.487121
45.783840 3.439531
54.462677 3.057662
45.725723 3.514681
54.372993 3.049700
54.447369 3.110369
51.473682 3.112265
54.427616 3.088410
45.842533 3.516544
48.745155 2.803862
51.546646 2.692282
54.419655 3.090555
53.658772 3.393144
49.464207 2.904204
54.588055 2.545224
54.350658 3.071393
54.370934 3.052715
54.336208 3.070722
54.431084 3.111109
54.377792 3.077668
51.460751 3.124297
51.719307 2.952686
51.232758 3.113821
49.528900 2.871490
54.384708 3.048138
53.492722 3.302494
45.768532 3.523573
54.341194 3.089884
54.321255 3.109730
49.266266 3.008139
51.271233 3.094627
53.326988 3.091823
54.329594 3.061657
54.462677 3.057662
54.503860 3.048181
54.336998 3.071647
54.386486 3.055638
54.414459 3.119990
54.350952 3.071384
51.250820 3.095756
50.580994 2.917565
54.341858 3.087071
45.818497 3.533466
45.842533 3.516544
53.712891 3.572256
53.606544 3.492947
54.405689 3.137709
54.370934 3.052715
54.442299 3.095797
54.449677 3.061104
51.216850 3.114729
54.442299 3.095797
52.875740 3.392019
50.580994 2.917565
45.716759 3.506096
54.463184 3.083445
45.802277 3.518471
51.446659 3.062160
51.435707 3.075330
54.344448 3.094484
45.798450 3.504180
51.435707 3.075330
51.271515 3.074033
45.733555 3.446937
54.333557 3.108976
54.589725 2.702605
52.898029 3.355380
54.439510 3.106854
54.319046 3.099459
50.660538 2.882109
53.713463 3.604557
54.421402 3.104507
54.335747 3.091976
51.409420 3.151251
51.410908 3.095627
45.840637 3.517531
45.802277 3.518471
54.448071 3.060590
54.393009 3.120475
54.462677 3.057662
51.394119 3.160911
49.332218 3.003280
51.409420 3.151251
54.569290 2.724350
53.658772 3.393144
51.408115 3.095146
54.428135 3.088527
49.451363 2.900980
54.350643 3.082070
54.359272 3.034836
54.379417 3.067234
48.745155 2.803862
45.802277 3.518471
51.239090 3.108744
54.457973 3.053760
54.379047 3.082874
54.371399 3.053697
49.928410 2.936654
54.328808 3.105699
53.696507 3.586829
54.536777 3.059584
54.371143 3.061223
54.359272 3.034836
54.322350 3.100808
54.454121 3.079241
51.719307 2.952686
51.436340 3.130122
54.411644 3.107040
45.817490 3.495878
54.457973 3.053760
54.449108 3.116450
54.316933 3.120164
54.321121 3.109139
54.360466 3.108828
45.794994 3.533179
45.777397 3.503922
54.380169 3.067358
45.725723 3.514681
49.332218 3.003280
54.419968 3.096399
54.406498 3.041508
54.323196 3.110162
51.471390 3.111885
49.311382 3.017162
54.474648 3.093847
52.932911 3.378880
54.359520 3.055947
54.351944 3.071144
45.784878 3.505635
54.440784 3.076032
54.437218 3.073234
51.501198 3.090129
45.842533 3.516544
54.341858 3.087071
49.528637 2.862885
54.323196 3.110162
53.631054 3.470774
54.421402 3.104507
51.442677 3.128977
45.771286 3.503631
45.779842 3.506609
54.426254 3.094103
49.473835 2.901092
53.705059 3.359660
54.321529 3.117063
51.413746 3.097384
45.826416 3.517427
54.353344 3.059767
54.437618 3.088375
54.353645 3.071525
54.442715 3.087013
54.319046 3.099459
52.496040 2.960726
45.783840 3.439531
45.849178 3.516065
51.474514 3.116922
54.465008 3.074204
50.608944 2.906877
45.835941 3.533026
54.299477 3.137558
53.316418 3.765073
54.463184 3.083445
54.363331 3.069518
54.336086 3.061578
51.388512 3.134663
51.238739 3.110750
45.813263 3.519044
45.733814 3.423885
54.393436 3.104802
54.386456 2.304015
54.500015 2.312857
45.811882 3.519395
54.465717 3.057322
51.526917 2.705269
51.440487 3.137490
51.436340 3.130122
54.379623 3.046502
53.474369 3.304645
54.415207 3.108771
51.447048 3.121676
45.839901 3.519845
54.457973 3.053760
54.328808 3.105699
54.448563 3.064060
51.445656 3.120460
54.352352 3.075442
54.417999 3.099205
54.352352 3.075442
51.479507 3.091842
53.442596 3.248148
54.476421 3.106812
45.811882 3.519395
54.352352 3.075442
54.457130 3.092406
54.348808 3.082232
51.479507 3.091842
54.336998 3.071647
54.442936 3.093699
51.487274 3.105937
53.326988 3.091823
51.309982 3.064590
51.436340 3.130122
53.419258 3.246515
49.476536 2.884803
54.430508 3.106214
45.751766 3.502687
54.517231 3.035917
54.413326 3.092695
48.710823 2.733762
54.524887 3.042470
49.473835 2.901092
53.696507 3.586829
54.377792 3.077668
45.733555 3.446937
54.464851 3.056077
54.462353 3.053647
54.521214 2.322105
54.450062 3.082867
51.426277 3.079589
54.542938 3.107391
53.492722 3.302494
54.449108 3.116450
51.715508 2.953621
54.438354 3.098740
49.488823 2.892691
45.737732 3.447804
54.353645 3.071525
53.316418 3.765073
51.493019 3.103073
54.393436 3.104802
51.463806 3.130122
54.431084 3.111109
54.471821 3.041259
48.553764 3.119872
52.898029 3.355380
54.350658 3.041680
54.324364 3.111154
51.460751 3.124297
53.658772 3.393144
49.518600 2.878405
54.427395 3.097238
52.950874 3.356472
49.473835 2.901092
51.250820 3.095756
52.134174 2.887984
45.871635 3.534503
51.388512 3.134663
54.420574 3.077854
54.448563 3.064060
45.845951 3.515021
54.421436 3.086488
51.282696 3.084834
51.446659 3.062160
54.448071 3.060590
49.281101 2.999141
54.393009 3.120475
54.386456 2.304015
49.476536 2.884803
45.784878 3.505635
51.719307 2.952686
45.851143 3.537039
54.473145 3.111453
51.442677 3.128977
51.444962 3.121805
49.521214 2.877578
49.499565 2.889283
54.469456 3.043809
54.335747 3.091976
51.450882 3.057553
49.518600 2.878405
45.818340 3.521939
45.716759 3.506096
54.449451 3.070661
51.309391 3.064647
54.405689 3.137709
45.804752 3.514546
51.487274 3.105937
53.696507 3.586829
54.448563 3.064060
54.371143 3.061223
45.733555 3.446937
54.358696 3.099613
49.425850 2.915891
45.891994 3.531625
51.460751 3.124297
51.385262 3.176962
45.733555 3.446937
50.583733 2.916662
54.344952 3.095277
54.437218 3.073234
50.637100 2.888037
51.479507 3.091842
51.239090 3.108744
51.284714 3.085427
45.871635 3.534503
54.417923 2.236140
54.389111 3.113972
45.775162 3.507475
45.818497 3.533466
48.923100 2.987547
51.459377 3.122501
54.371143 3.061223
51.446659 3.062160
51.436340 3.130122
54.411644 3.107040
54.485214 3.032001
54.426739 3.096797
54.460213 3.080287
54.380348 3.032506
54.336014 3.064308
45.733555 3.446937
54.439510 3.106854
54.559402 2.723717
49.464207 2.904204
51.487274 3.105937
54.393604 3.051416
54.412334 3.108216
51.581585 2.668388
49.488823 2.892691
45.777344 3.499321
52.117260 2.901484
50.635521 2.892856
51.489140 3.103666
45.789108 3.504886
54.322350 3.100808
54.309151 3.127127
51.447048 3.121676
54.307034 3.084213
54.576756 2.712548
51.436340 3.130122
45.804752 3.514546
54.350643 3.082070
53.383373 3.270624
51.394119 3.160911
45.840233 3.514452
54.411030 3.113500
45.871635 3.534503
48.725513 2.715374
53.325417 3.094100
54.404419 3.030185
50.667599 2.876190
54.476040 3.137490
53.668137 3.382589
54.488228 3.063493
51.483837 3.092494
54.358696 3.099613
54.402824 3.112631
49.521214 2.877578
45.871635 3.534503
51.216850 3.114729
45.825325 3.521672
48.745155 2.803862
51.446659 3.062160
54.377846 3.044015
53.631313 3.472208
51.282696 3.084834
51.266453 3.097733
54.393009 3.120475
51.447048 3.121676
45.704689 3.428774
54.426254 3.094103
54.457973 3.053760
54.359272 3.034836
54.432045 3.107130
54.404995 2.280312
50.608944 2.906877
45.689869 3.442516
54.329594 3.061657
54.471436 3.052624
54.462677 3.057662
48.918514 2.980423
54.365860 3.063898
50.608944 2.906877
51.385262 3.176962
54.464855 3.058644
52.875740 3.392019
51.447048 3.121676
49.488823 2.892691
45.689869 3.442516
53.700420 3.363631
54.471436 3.052624
51.290401 3.072702
54.353210 3.077695
54.458973 3.062179
54.406113 3.106175
54.349007 3.057878
54.395248 3.047529
54.377846 3.044015
54.449677 3.061104
45.811676 3.520312
50.608944 2.906877
54.343582 3.065434
54.358696 3.099613
54.371399 3.053697
48.723072 2.825532
54.268604 3.121563
50.621567 2.894667
54.358696 3.099613
52.903408 3.392923
51.466915 3.097987
50.583733 2.916662
54.385052 3.083148
54.336998 3.071647
51.316822 3.053731
54.442936 3.093699
51.409420 3.151251
54.316952 3.114709
54.575962 2.709501
54.393318 3.046709
45.839901 3.519845
52.950874 3.356472
54.388771 3.046585
54.465717 3.057322
51.286907 3.058043
45.804321 3.503586
54.326382 3.107153
54.381187 3.055982
54.454510 3.062883
54.379047 3.082874
45.733555 3.446937
54.426495 3.088966
51.594440 2.655986
52.932911 3.378880
54.377731 3.051406
54.377792 3.077668
51.428043 3.335111
54.362988 3.063664
54.441360 3.082462
51.442677 3.128977
54.393604 3.051416
54.331257 3.088148
50.641029 2.893732
54.483028 3.066912
54.457973 3.053760
45.825325 3.521672
54.412666 3.130908
54.328808 3.105699
54.449677 3.061104
51.428043 3.335111
53.607975 3.488816
45.783840 3.439531
51.279453 3.084411
54.350403 3.073097
45.891994 3.531625
51.290401 3.072702
53.316418 3.765073
54.353645 3.071525
54.418167 3.081328
54.472462 3.049611
50.608944 2.906877
54.432449 3.116914
45.825325 3.521672
49.423634 2.918823
50.620037 2.893871
51.216850 3.114729
54.344448 3.094484
49.536591 2.871706
45.813263 3.519044
51.336651 3.046310
45.765377 3.504058
52.875740 3.392019
54.415207 3.108771
54.323410 3.117634
51.461361 3.120331
54.359520 3.055947
52.903408 3.392923
54.333691 3.068256
51.385262 3.176962
51.446659 3.062160
54.328808 3.105699
54.442936 3.093699
54.341858 3.087071
54.442936 3.093699
53.413776 3.249084
54.420574 3.077854
54.524887 3.042470
54.455212 3.067101
48.745373 2.702068
51.436340 3.130122
51.436340 3.130122
51.290401 3.072702
54.462749 3.071742
54.469456 3.043809
54.358696 3.099613
54.446064 3.076080
54.365265 3.039531
54.355206 3.062155
51.446659 3.062160
54.467087 3.093702
54.433666 3.110481
50.583733 2.916662
54.421127 3.095103
54.301128 3.109767
54.442284 3.104277
54.451889 3.109012
45.725723 3.514681
50.632355 2.888351
54.454121 3.079241
48.737488 2.813371
51.409420 3.151251
54.465717 3.057322
54.336014 3.064308
51.719307 2.952686
51.493019 3.103073
54.470425 3.048239
54.380791 3.061447
51.715508 2.953621
51.719307 2.952686
53.713463 3.604557
54.350643 3.082070
54.450062 3.082867
52.898029 3.355380
54.459267 3.053608
45.808273 3.495963
51.719307 2.952686
51.428333 3.149038
49.962273 2.904576
54.405689 3.137709
45.798603 3.515832
51.454491 3.128697
53.326988 3.091823
54.393436 3.104802
51.390583 3.114096
20.995535 14.040760
54.494820 3.088514
51.239090 3.108744
52.886337 3.376433
45.818718 3.514675
45.716759 3.506096
50.612648 2.901398
45.733814 3.423885
54.446297 3.135111
51.394119 3.160911
54.471436 3.052624
54.358696 3.099613
54.415852 3.050289
45.751766 3.502687
54.321529 3.117063
45.836681 3.496028
53.631313 3.472208
54.316933 3.120164
45.765377 3.504058
54.370903 3.058257
54.455212 3.067101
54.571804 2.712335
45.765377 3.504058
45.826416 3.517427
54.376938 3.067077
51.260807 3.079296
54.439510 3.106854
54.494820 3.088514
51.493019 3.103073
54.340790 3.116710
51.459377 3.122501
53.413776 3.249084
54.413326 3.092695
51.410908 3.095627
54.438931 3.078562
54.323410 3.117634
49.518600 2.878405
45.765377 3.504058
54.335747 3.091976
54.457973 3.053760
51.436340 3.130122
54.563267 2.569625
54.393436 3.104802
54.442936 3.093699
51.385262 3.176962
52.502232 2.958032
45.721992 3.517018
54.433258 3.088124
54.395248 3.047529
52.886337 3.376433
54.394619 3.068705
48.553764 3.119872
54.322578 3.117654
45.871635 3.534503
51.392490 3.132165
54.307217 3.125453
54.449108 3.116450
50.638844 2.886391
48.745155 2.803862
54.483028 3.066912
54.353645 3.071525
52.955029 3.347380
49.499565 2.889283
54.483028 3.066912
54.323196 3.110162
54.343967 3.058850
54.465717 3.057322
45.845951 3.515021
45.751297 3.501896
54.321529 3.117063
54.434135 2.213069
54.379623 3.046502
54.417931 3.105284
54.420574 3.077854
54.427616 3.088410
48.725513 2.715374
51.493019 3.103073
45.841343 3.534588
54.483028 3.066912
49.499565 2.889283
51.309982 3.064590
54.323196 3.110162
54.349007 3.057878
52.944180 3.361955
51.266453 3.097733
54.343582 3.065434
49.308372 3.022416
51.460751 3.124297
51.460751 3.124297
49.488823 2.892691
51.436340 3.130122
51.719307 2.952686
54.457973 3.053760
51.447048 3.121676
54.315567 3.119805
45.754860 3.507047
54.384708 3.048138
51.446659 3.062160
53.325417 3.094100
49.464207 2.904204
50.608944 2.906877
49.536591 2.871706
54.316933 3.120164
51.395069 3.104908
54.469456 3.043809
54.428135 3.088527
53.603962 3.485038
49.928410 2.936654
54.411030 3.113500
51.410259 3.110962
45.834988 3.519017
53.607975 3.488816
45.666996 3.445556
45.779842 3.506609
53.756588 3.571897
54.457130 3.092406
54.344448 3.094484
51.719307 2.952686
54.405689 3.137709
49.518600 2.878405
54.362988 3.063664
54.471821 3.041259
54.331306 3.109885
54.449108 3.116450
54.323410 3.117634
51.318241 3.049184
49.518600 2.878405
54.347755 3.069914
54.355915 3.066952
49.473835 2.901092
54.334999 3.106016
54.347755 3.069914
54.448563 3.064060
54.442936 3.093699
49.488823 2.892691
48.725513 2.715374
54.428135 3.088527
51.316822 3.053731
54.455090 3.057673
45.871635 3.534503
54.268604 3.121563
51.428043 3.335111
52.898029 3.355380
49.521214 2.877578
51.493019 3.103073
54.341320 3.104345
54.433666 3.110481
54.430302 3.121154
51.440487 3.137490
54.471436 3.052624
52.955029 3.347380
54.350658 3.041680
49.473835 2.901092
54.576756 2.712548
49.505550 2.885548
54.457973 3.053760
54.432449 3.116914
49.248528 3.020438
54.412334 3.108216
51.266735 3.072025
54.576756 2.712548
54.343967 3.058850
49.473835 2.901092
45.792809 3.505526
49.488823 2.892691
45.725723 3.514681
54.432045 3.107130
54.377846 3.044015
54.576756 2.712548
51.446659 3.062160
49.518600 2.878405
45.826416 3.517427
54.441833 3.093430
45.811882 3.519395
54.571804 2.712335
54.449108 3.116450
54.464027 3.080799
54.393436 3.104802
48.737488 2.813371
45.811676 3.520312
54.365265 3.039531
54.457973 3.053760
49.528637 2.862885
54.434135 2.213069
54.442886 3.129740
54.386456 2.304015
48.737488 2.813371
51.416451 3.078937
54.471821 3.041259
54.365265 3.039531
54.347607 3.069242
45.811882 3.519395
52.502232 2.958032
54.380791 3.061447
54.449677 3.061104
54.521214 2.322105
45.791958 3.507230
51.311066 3.068786
54.358696 3.099613
52.944180 3.361955
54.475815 3.089044
54.500015 2.312857
45.704689 3.428774
54.309845 3.082561
45.754860 3.507047
54.325119 3.111063
54.449108 3.116450
50.628979 2.891349
54.433258 3.088124
54.575962 2.709501
54.442936 3.093699
54.328808 3.105699
51.510109 3.093549
54.362988 3.063664
54.334839 3.051629
49.309772 3.016913
53.607975 3.488816
54.472462 3.049611
54.416866 2.300974
54.377846 3.044015
54.441547 3.068102
45.802277 3.518471
54.401070 3.112209
53.316418 3.765073
54.464027 3.080799
54.374027 3.092416
51.440414 3.140589
50.621567 2.894667
54.439510 3.106854
53.696507 3.586829
54.358696 3.099613
52.955029 3.347380
53.594368 3.497581
49.496918 2.872418
49.518600 2.878405
45.803997 3.496432
45.779842 3.506609
49.273659 3.004719
54.445644 3.075343
54.335747 3.091976
45.725723 3.514681
54.423931 3.100216
53.631054 3.470774
54.433666 3.110481
45.784878 3.505635
54.423203 3.092526
54.472462 3.049611
54.426739 3.096797
54.415207 3.108771
53.713463 3.604557
54.377846 3.044015
54.395515 3.028830
49.473835 2.901092
54.358696 3.099613
51.408508 3.161413
54.323410 3.117634
51.436340 3.130122
45.835766 3.518470
49.928410 2.936654
54.436401 3.084669
45.839901 3.519845
54.350952 3.071384
54.473145 3.111453
54.406498 3.041508
54.362942 3.074448
54.423203 3.092526
54.362942 3.074448
49.425850 2.915891
54.362942 3.074448
54.442715 3.087013
51.311066 3.068786
49.506798 2.861646
51.395069 3.104908
54.351944 3.071144
54.449451 3.070661
54.462677 3.057662
52.178848 2.473055
49.319698 3.013047
52.496040 2.960726
54.569290 2.724350
51.446659 3.062160
54.483028 3.066912
54.441547 3.068102
54.388771 3.046585
54.335747 3.091976
54.376938 3.067077
45.742676 3.444498
54.365265 3.039531
54.350658 3.071393
54.335747 3.091976
54.358696 3.099613
54.299538 3.137308
54.416866 2.300974
54.323410 3.117634
50.663563 2.878863
54.365265 3.039531
54.376938 3.067077
51.460751 3.124297
54.319046 3.099459
45.811676 3.520312
54.266273 3.122863
51.436340 3.130122
50.580994 2.917565
54.358696 3.099613
53.613594 3.487121
51.408508 3.161413
54.370823 3.064861
45.802277 3.518471
51.436340 3.130122
51.493019 3.103073
54.367908 3.054320
54.358696 3.099613
54.588055 2.545224
50.612648 2.901398
49.259972 3.014116
49.309772 3.016913
54.341858 3.087071
50.641029 2.893732
54.437218 3.073234
54.364632 3.069217
51.459377 3.122501
54.342201 3.091928
54.374027 3.092416
54.441360 3.082462
49.309772 3.016913
54.395020 2.290793
49.488823 2.892691
50.583733 2.916662
54.358696 3.099613
51.454266 3.128061
50.580994 2.917565
53.613594 3.487121
54.394619 3.068705
45.842533 3.516544
45.767784 3.506714
54.447369 3.110369
45.721992 3.517018
49.528637 2.862885
54.433666 3.110481
52.898029 3.355380
54.427616 3.088410
45.804752 3.514546
45.779842 3.506609
50.583733 2.916662
54.352352 3.075442
51.316822 3.053731
45.826416 3.517427
54.431084 3.111109
45.716759 3.506096
49.308372 3.022416
54.424496 3.090827
45.798450 3.504180
49.309772 3.016913
49.476536 2.884803
54.415852 3.050289
51.238739 3.110750
54.309845 3.082561
54.380791 3.061447
54.449108 3.116450
53.658772 3.393144
54.432449 3.116914
51.446659 3.062160
51.260807 3.079296
45.802277 3.518471
51.447048 3.121676
49.528637 2.862885
51.446659 3.062160
54.455090 3.057673
51.441113 3.323739
51.474514 3.116922
54.299198 3.093554
54.542938 3.107391
54.352776 3.068613
49.425850 2.915891
45.825325 3.521672
49.473835 2.901092
54.462749 3.071742
49.272293 3.009790
51.452126 3.130471
51.442677 3.128977
54.380348 3.032506
54.433258 3.088124
54.428135 3.088527
54.427395 3.097238
49.308372 3.022416
54.462677 3.057662
54.576756 2.712548
54.366783 3.057755
54.405689 3.137709
54.473145 3.111453
49.319698 3.013047
54.442936 3.093699
54.576756 2.712548
51.385262 3.176962
54.319790 3.086710
53.712891 3.572256
45.826416 3.517427
45.689869 3.442516
50.641029 2.893732
54.347084 3.127093
54.362942 3.074448
54.445992 3.072599
51.413746 3.097384
51.428043 3.335111
51.330517 3.050280
51.436340 3.130122
54.359272 3.034836
54.451889 3.109012
54.387459 3.045299
54.473145 3.111453
54.319046 3.099459
49.504288 2.883663
51.316822 3.053731
54.371143 3.061223
45.871635 3.534503
54.447369 3.110369
53.688843 3.587216
45.770687 3.500728
45.825325 3.521672
54.388771 3.046585
54.288910 3.149896
54.372993 3.049700
54.428135 3.088527
51.447048 3.121676
54.392502 3.054937
49.308372 3.022416
52.117260 2.901484
54.427395 3.097238
51.428043 3.335111
54.380169 3.067358
54.370823 3.064861
54.406498 3.041508
54.321529 3.117063
54.462677 3.057662
54.386456 2.304015
52.898029 3.355380
51.435707 3.075330
50.621319 2.896746
45.798450 3.504180
54.384708 3.048138
45.818718 3.514675
54.370266 3.042466
54.524334 3.115708
49.259972 3.014116
53.356716 3.248524
52.117260 2.901484
54.323196 3.110162
54.341858 3.087071
51.266735 3.072025
54.451889 3.109012
54.437218 3.073234
54.417931 3.105284
54.442284 3.104277
52.117260 2.901484
45.804752 3.514546
54.377846 3.044015
54.341858 3.087071
54.350403 3.073097
54.350403 3.073097
54.363491 3.083771
49.928410 2.936654
49.425850 2.915891
54.476040 3.137490
48.737488 2.813371
54.426739 3.096797
51.459377 3.122501
51.442677 3.128977
54.395020 2.290793
54.476036 3.087090
45.791958 3.507230
45.689869 3.442516
53.756588 3.571897
51.291111 3.082171
54.412838 3.102990
51.426632 3.082493
50.608944 2.906877
54.393604 3.051416
54.382267 3.028779
49.332218 3.003280
53.657520 3.629915
45.818718 3.514675
54.462677 3.057662
51.436340 3.130122
54.319283 3.076836
54.319046 3.099459
51.444962 3.121805
54.323410 3.117634
54.334999 3.106016
54.344448 3.094484
54.441360 3.082462
54.433666 3.110481
49.319698 3.013047
45.789108 3.504886
45.803997 3.496432
45.802277 3.518471
54.457130 3.092406
49.499409 2.883218
54.397778 3.042080
54.352776 3.068613
53.688843 3.587216
51.313732 3.064515
54.353645 3.071525
51.719307 2.952686
45.842533 3.516544
54.478409 3.063919
54.420574 3.077854
49.464207 2.904204
51.313732 3.064515
54.321529 3.117063
51.435707 3.075330
49.536591 2.871706
51.489140 3.103666
54.412666 3.130908
51.719307 2.952686
54.427395 3.097238
54.476040 3.137490
49.521214 2.877578
54.482384 3.055918
51.459377 3.122501
51.460751 3.124297
51.316822 3.053731
54.412334 3.108216
54.341858 3.087071
50.635521 2.892856
45.794994 3.533179
49.928410 2.936654
51.483837 3.092494
45.851143 3.537039
45.811676 3.520312
53.613594 3.487121
54.370934 3.052715
45.791985 3.497876
54.423889 3.074602
54.333908 3.052054
49.464207 2.904204
45.871635 3.534503
49.488823 2.892691
54.524334 3.115708
54.371143 3.061223
45.791958 3.507230
51.286907 3.058043
49.496918 2.872418
51.446659 3.062160
51.426277 3.079589
51.483837 3.092494
51.446659 3.062160
49.425850 2.915891
54.576756 2.712548
51.316822 3.053731
51.715508 2.953621
54.395515 3.028830
53.658772 3.393144
45.794769 3.529860
45.843937 3.534466
51.238739 3.110750
54.350643 3.082070
50.621567 2.894667
54.436401 3.084669
50.621567 2.894667
54.367908 3.054320
51.291111 3.082171
51.445656 3.120460
48.719589 2.824120
54.397778 3.042080
54.471436 3.052624
51.416451 3.078937
45.871635 3.534503
54.326382 3.107153
54.327095 3.109387
49.499565 2.889283
54.323410 3.117634
45.818718 3.514675
54.575962 2.709501
54.402824 3.112631
54.343967 3.058850
54.348808 3.082232
52.898029 3.355380
45.871635 3.534503
49.476536 2.884803
54.434135 2.213069
49.490723 2.821324
45.725723 3.514681
54.450356 3.102626
54.293053 3.120245
54.341858 3.087071
45.689869 3.442516
54.442936 3.093699
54.464027 3.080799
54.350643 3.082070
51.239090 3.108744
54.488228 3.063493
51.434025 3.139236
54.462677 3.057662
54.376938 3.067077
54.448563 3.064060
54.411121 3.046188
54.395515 3.028830
53.631054 3.470774
54.417931 3.105284
45.733555 3.446937
49.237946 3.027238
54.322964 3.120679
54.412334 3.108216
54.576756 2.712548
54.363331 3.069518
51.232758 3.113821
54.462749 3.071742
54.462749 3.071742
53.688843 3.587216
50.637100 2.888037
54.341858 3.087071
54.462677 3.057662
45.843937 3.534466
45.804752 3.514546
45.790169 3.524866
54.413326 3.092695
50.583733 2.916662
51.444012 3.138439
54.419968 3.096399
49.319698 3.013047
48.918514 2.980423
54.411121 3.046188
50.612648 2.901398
53.607975 3.488816
53.607975 3.488816
53.658772 3.393144
53.756588 3.571897
49.319698 3.013047
54.446297 3.135111
54.454510 3.062883
54.442299 3.095797
54.316933 3.120164
54.346916 3.047871
54.433666 3.110481
54.393318 3.046709
52.950874 3.356472
45.804752 3.514546
54.426311 3.071201
51.446659 3.062160
49.518600 2.878405
54.455212 3.067101
51.435707 3.075330
45.802277 3.518471
53.594368 3.497581
51.446659 3.062160
50.608944 2.906877
45.842533 3.516544
53.631313 3.472208
54.433666 3.110481
54.348808 3.082232
45.826416 3.517427
49.237946 3.027238
52.955029 3.347380
54.411121 3.046188
54.362942 3.074448
54.309845 3.082561
45.818718 3.514675
51.428043 3.335111
54.402824 3.112631
54.377922 3.031388
54.335747 3.091976
50.580994 2.917565
45.733555 3.446937
53.688843 3.587216
51.284714 3.085427
54.469456 3.043809
54.542938 3.107391
52.496040 2.960726
53.356716 3.248524
51.284714 3.085427
54.377846 3.044015
54.488228 3.063493
49.928410 2.936654
49.476536 2.884803
51.266453 3.097733
53.607975 3.488816
54.500015 2.312857
54.329594 3.061657
54.432045 3.107130
54.372993 3.049700
52.898029 3.355380
54.380348 3.032506
54.457973 3.053760
45.802277 3.518471
54.457973 3.053760
54.374027 3.092416
54.301128 3.109767
53.366123 3.219838
45.689869 3.442516
51.459377 3.122501
54.418442 3.103813
54.329594 3.061657
45.804752 3.514546
49.928410 2.936654
45.813263 3.519044
54.352352 3.075442
54.293053 3.120245
54.395515 3.028830
54.395020 2.290793
45.725723 3.514681
21.021984 14.024005
49.504288 2.883663
53.371761 3.239154
54.563267 2.569625
54.472462 3.049611
45.794769 3.529860
53.739803 3.580163
54.369015 3.058125
54.462677 3.057662
54.393051 3.046527
54.442936 3.093699
54.432045 3.107130
51.479507 3.091842
54.430302 3.121154
51.385262 3.176962
52.898029 3.355380
50.583733 2.916662
53.325417 3.094100
54.524887 3.042470
54.426907 3.072057
54.351944 3.071144
54.542938 3.107391
54.344952 3.095277
54.377846 3.044015
51.719307 2.952686
54.480282 3.069033
54.462677 3.057662
51.719307 2.952686
51.581585 2.668388
54.402824 3.112631
54.363491 3.083771
54.588055 2.545224
51.489254 3.108320
52.134174 2.887984
51.459377 3.122501
49.464207 2.904204
54.344952 3.095277
45.716759 3.506096
45.725723 3.514681
53.658772 3.393144
45.802277 3.518471
45.672489 3.462640
54.415207 3.108771
