23.802568 13.898525
45.900761 2.791943
50.926693 2.868916
46.003464 1.964390
54.376858 2.371028
46.812916 2.618007
49.584698 2.907839
47.315121 3.293286
49.732025 3.195834
50.650082 2.376943
50.398148 2.773000
44.613369 2.742258
43.867790 1.774139
54.348160 3.629874
42.604263 2.227961
52.849777 2.946607
47.070610 4.460313
45.853535 1.952977
46.276077 2.260624
50.663033 2.629024
50.296474 2.989740
43.903305 2.141826
47.450005 2.158758
43.172569 2.544272
47.479942 2.474723
45.590298 1.982794
48.617077 3.250312
48.081802 3.391111
48.338696 3.522505
45.869564 1.987202
46.819622 2.269848
54.158188 2.338355
44.711155 2.249930
46.702732 2.238116
45.173309 3.741128
30.263159 16.934187
45.415569 1.397251
48.648205 3.045826
49.410473 3.092493
46.857285 3.247958
45.415569 1.397251
51.940113 3.229296
46.621338 2.529830
46.120930 1.529845
51.537792 2.176726
42.726177 2.639089
46.819622 2.269848
47.381920 2.318625
49.213741 2.606580
47.051857 4.432195
44.032295 1.952039
48.805035 2.000961
48.577221 3.134909
51.594059 2.589790
48.367222 2.419630
44.658932 2.488244
46.808758 3.160708
50.165161 2.864274
30.982439 15.455897
40.778332 2.576789
46.857285 3.247958
45.428432 2.532119
50.926693 2.868916
46.456455 2.516615
43.513641 2.550265
45.782013 1.289583
46.147175 1.759505
46.640587 1.253607
43.420036 1.743555
30.567835 16.828510
45.585636 4.186498
48.549980 3.115675
49.213943 2.621699
47.105869 3.196825
49.113766 2.783829
46.185036 1.984006
44.032295 1.952039
45.396000 2.171172
52.994682 2.692852
46.932682 4.607593
45.809921 2.190037
47.315121 3.293286
41.888649 2.370456
47.123211 4.636564
47.018856 1.674591
46.843594 2.590022
42.272160 2.214986
44.862804 2.281835
43.513641 2.550265
53.961121 2.231114
45.654453 1.787915
41.587463 2.572150
48.287968 2.791220
49.410473 3.092493
47.165497 3.047512
45.415569 1.397251
47.831463 2.750279
50.104065 3.297485
49.174099 2.182447
48.725616 2.306860
49.111496 2.772983
53.213768 2.959589
46.319237 3.224481
49.213741 2.606580
46.809303 1.754947
43.903305 2.141826
47.224346 4.455739
53.179729 3.604620
44.910843 4.066378
30.471458 15.829509
51.843327 3.313353
49.090622 3.134198
47.239174 3.589313
48.302544 2.802794
26.662603 14.371937
45.088516 1.799570
48.744114 3.502281
48.856834 2.856645
47.520416 2.544643
53.179729 3.604620
43.200012 1.570925
47.790909 3.136491
45.284996 3.063448
47.412170 3.548696
52.994682 2.692852
48.755192 3.419272
46.614658 3.004562
42.272160 2.214986
40.778332 2.576789
44.711155 2.249930
46.821239 2.824699
49.303627 3.446409
45.543724 2.486857
50.926693 2.868916
53.346966 3.249026
46.808758 3.160708
44.776081 3.330038
53.953541 3.348119
44.083374 2.169460
43.874706 1.957288
46.185036 1.984006
46.092266 3.161244
43.142395 2.335333
50.843384 2.646344
50.104065 3.297485
50.341202 3.105219
52.069321 3.421106
53.197239 3.395378
49.694279 3.565864
46.819622 2.269848
40.778332 2.576789
49.936050 3.438932
53.631527 2.434326
45.853535 1.952977
45.809921 2.190037
46.770939 3.013803
48.287968 2.791220
54.352402 2.258065
50.890553 2.761656
47.426189 2.003057
50.478088 2.031294
53.327137 3.472423
46.185036 1.984006
46.287872 2.481622
52.075466 2.863742
47.371662 2.089167
48.755192 3.419272
49.439522 2.822917
48.755192 3.419272
47.546986 2.761823
47.137554 1.585668
53.193790 2.541368
43.874706 1.957288
52.994682 2.692852
51.000225 3.093165
51.243752 2.855784
46.147175 1.759505
47.546230 3.136400
46.086689 4.513674
48.941212 2.787091
47.458424 3.055612
45.905624 2.428371
53.346966 3.249026
45.929806 4.231736
49.410473 3.092493
43.200012 1.570925
47.018856 1.674591
49.303627 3.446409
54.352402 2.258065
47.970680 2.590946
53.181614 2.468589
46.058201 2.357204
48.486202 3.502005
51.193634 2.925497
53.961121 2.231114
44.083374 2.169460
48.744114 3.502281
53.179729 3.604620
30.577621 16.896357
44.272552 3.273551
45.427677 2.407539
49.100986 2.788249
49.213741 2.606580
54.024769 3.284683
53.213768 2.959589
45.791901 3.940080
47.412170 3.548696
46.291878 1.807312
46.206448 2.600431
46.647343 1.734350
51.193634 2.925497
46.157940 2.196476
45.185349 3.062632
47.501190 3.510772
45.076744 4.171231
47.859760 2.697149
46.213173 3.467662
49.583088 3.507279
42.133915 2.267768
53.197239 3.395378
47.194317 2.559877
50.926693 2.868916
53.023510 3.426462
45.428432 2.532119
47.066422 1.553762
25.615149 14.394516
49.197010 2.772639
47.585327 2.671250
52.804588 3.011950
46.857285 3.247958
50.398148 2.773000
46.168495 2.110210
46.147606 1.933546
43.097706 3.518734
48.309467 2.762972
47.315121 3.293286
47.426189 2.003057
47.070610 4.460313
49.463425 2.622108
46.863953 2.418155
44.810375 2.078031
45.427677 2.407539
50.864079 3.080022
45.850391 3.968827
45.832634 2.512773
46.233711 2.548407
44.711155 2.249930
47.190411 3.766696
54.352402 2.258065
54.024769 3.284683
46.621338 2.529830
50.550808 2.766647
47.412170 3.548696
48.899055 2.649740
52.075466 2.863742
43.901478 2.312145
43.060204 2.613945
45.088516 1.799570
47.681648 3.213017
48.549980 3.115675
42.726177 2.639089
46.348160 3.041230
46.418407 3.106973
51.213604 2.996441
51.110985 2.888828
47.477318 2.305002
46.047054 1.855274
49.186256 2.667888
53.142612 2.677149
48.794922 3.072125
48.755192 3.419272
47.520416 2.544643
53.346966 3.249026
43.539463 2.202508
46.404076 2.974623
47.012180 3.645441
53.213768 2.959589
47.564777 3.191072
42.223713 2.075348
46.575130 1.347875
51.843327 3.313353
46.185036 1.984006
48.941212 2.787091
52.061440 2.174480
48.309467 2.762972
52.453320 3.000489
45.755974 1.814523
47.459042 2.684494
46.456455 2.516615
45.809921 2.190037
53.346966 3.249026
52.453320 3.000489
48.617077 3.250312
42.048630 2.307008
51.594059 2.589790
46.387772 3.156725
53.327137 3.472423
46.501999 2.682099
45.315407 2.423642
45.869564 1.987202
52.075466 2.863742
49.475769 2.630582
50.212463 3.796059
48.404411 2.951238
43.874706 1.957288
47.105869 3.196825
47.070610 4.460313
53.776955 3.124856
48.287968 2.791220
47.008438 4.697644
49.213741 2.606580
45.809921 2.190037
47.378521 2.354434
47.412170 3.548696
52.453320 3.000489
52.632145 3.502336
26.086901 14.364396
54.352402 2.258065
44.032295 1.952039
44.753418 2.709009
49.213741 2.606580
47.285942 4.583254
48.001087 2.687439
44.713566 4.327724
43.739674 2.125427
47.123211 4.636564
53.142612 2.677149
47.771046 2.717519
51.537792 2.176726
48.725616 2.306860
53.193790 2.541368
46.418407 3.106973
48.498955 3.117949
46.090256 1.919312
50.663033 2.629024
48.562012 3.470340
43.903305 2.141826
51.555309 2.828518
53.023510 3.426462
45.900761 2.791943
45.853535 1.952977
42.048630 2.307008
45.809921 2.190037
53.776955 3.124856
49.584698 2.907839
43.300522 2.326462
48.562012 3.470340
46.647343 1.734350
52.348072 3.888819
48.485710 3.404605
47.581215 3.185893
43.200012 1.570925
51.594059 2.589790
50.801064 2.952102
42.002941 2.616262
46.853630 1.657391
42.769382 3.401865
46.147175 1.759505
52.959896 3.049631
47.458424 3.055612
54.197659 3.608564
46.465942 3.031261
45.096699 3.950532
50.296474 2.989740
54.197659 3.608564
48.309467 2.762972
46.168495 2.110210
52.468502 2.978594
45.398335 4.163863
45.696140 4.118997
52.468502 2.978594
49.410473 3.092493
51.537792 2.176726
41.786976 3.780630
45.869564 1.987202
51.444839 3.334174
47.790909 3.136491
46.168495 2.110210
53.213768 2.959589
43.901478 2.312145
45.853535 1.952977
47.519878 2.866438
46.647343 1.734350
44.810375 2.078031
46.591934 2.369166
46.788528 1.789733
49.111496 2.772983
50.223492 3.510044
50.137470 3.527549
48.338696 3.522505
45.000111 2.876109
43.200012 1.570925
49.410473 3.092493
46.855362 2.933242
46.759922 4.679094
47.095806 3.250531
53.249615 3.150281
47.546986 2.761823
47.681648 3.213017
49.936050 3.438932
45.869564 1.987202
46.157940 2.196476
44.083374 2.169460
44.548267 4.373396
45.714874 1.815045
47.459042 2.684494
50.145550 2.626221
45.377052 1.772753
51.143383 3.198502
53.176571 3.519537
48.648205 3.045826
51.495781 2.527951
45.315407 2.423642
46.853630 1.657391
44.070560 2.042080
46.958160 2.249042
43.420036 1.743555
52.847786 3.063272
54.376858 2.371028
53.142612 2.677149
40.778332 2.576789
46.863953 2.418155
46.047054 1.855274
46.291878 1.807312
46.853630 1.657391
43.144478 2.118641
48.418854 3.410034
42.272160 2.214986
41.737949 2.104301
46.742004 3.762395
46.458603 1.733240
43.539463 2.202508
52.348072 3.888819
47.564777 3.191072
43.225456 2.126268
46.863953 2.418155
30.577621 16.896357
49.197010 2.772639
43.420036 1.743555
50.071766 3.551263
47.359940 2.679072
48.367222 2.419630
49.100986 2.788249
53.193790 2.541368
55.243187 3.390257
49.213741 2.606580
46.819622 2.269848
47.831463 2.750279
51.940113 3.229296
51.213604 2.996441
49.764130 2.604127
47.790909 3.136491
46.157940 2.196476
42.726177 2.639089
49.303627 3.446409
50.137470 3.527549
43.144478 2.118641
53.023510 3.426462
49.675468 3.183974
52.702950 2.349800
43.935608 2.390173
46.962772 1.795569
50.223492 3.510044
46.291878 1.807312
44.639725 2.087394
52.453320 3.000489
46.702732 2.238116
48.617077 3.250312
50.088905 2.796727
52.075466 2.863742
44.711155 2.249930
26.086901 14.364396
48.287968 2.791220
45.427677 2.407539
45.853535 1.952977
46.710670 2.858477
44.997356 3.569493
45.956207 2.810903
44.997356 3.569493
46.843594 2.590022
45.183689 2.197740
46.808758 3.160708
44.711155 2.249930
46.702732 2.238116
44.735184 2.164933
51.940113 3.229296
46.418407 3.106973
47.743141 3.382022
45.869564 1.987202
52.994682 2.692852
46.647343 1.734350
50.398148 2.773000
45.165329 2.265173
45.029964 2.519984
47.008438 4.697644
49.100986 2.788249
47.137085 4.674159
45.029964 2.519984
44.711155 2.249930
43.901478 2.312145
46.742004 3.762395
46.003464 1.964390
41.923233 2.216153
47.501526 3.309529
43.874706 1.957288
47.069084 3.174658
43.871609 2.359600
47.790909 3.136491
46.897057 2.294507
46.458603 1.733240
48.725616 2.306860
43.871609 2.359600
53.883892 2.421912
44.093395 2.461661
49.584698 2.907839
46.647343 1.734350
51.064293 2.888699
50.850597 2.540604
45.165329 2.265173
44.070560 2.042080
44.599094 1.976461
46.809303 1.754947
45.000111 2.876109
44.711155 2.249930
49.213741 2.606580
46.853630 1.657391
46.647343 1.734350
46.815163 2.075218
50.137470 3.527549
43.144478 2.118641
55.367271 3.077283
43.420036 1.743555
46.003464 1.964390
49.213943 2.621699
48.648205 3.045826
44.997356 3.569493
45.185349 3.062632
50.890553 2.761656
46.061718 4.448377
46.159649 3.195763
52.804588 3.011950
44.032295 1.952039
46.147175 1.759505
42.604263 2.227961
52.804588 3.011950
48.856834 2.856645
47.081940 4.586845
47.018856 1.674591
41.430920 2.285250
43.874706 1.957288
49.303627 3.446409
48.549980 3.115675
45.956207 2.810903
50.459446 3.292836
44.083374 2.169460
47.458424 3.055612
46.404076 2.974623
45.135368 2.518040
51.469715 2.989801
47.412170 3.548696
45.135368 2.518040
47.689034 2.572987
49.213943 2.621699
43.959900 2.228729
49.583088 3.507279
53.327137 3.472423
46.092266 3.161244
48.617077 3.250312
51.843327 3.313353
43.739674 2.125427
46.276077 2.260624
41.945110 2.299683
45.396000 2.171172
51.537792 2.176726
52.453320 3.000489
46.418407 3.106973
52.075466 2.863742
42.133915 2.267768
43.874706 1.957288
46.458603 1.733240
47.378521 2.354434
30.982439 15.455897
43.303272 2.388726
44.547741 2.605483
50.278408 3.466322
43.225456 2.126268
42.726177 2.639089
42.998451 2.535658
52.994682 2.692852
48.926224 2.832107
26.662603 14.371937
48.293594 3.104543
52.453320 3.000489
47.095806 3.250531
46.958160 2.249042
44.070560 2.042080
46.591934 2.369166
46.855362 2.933242
50.278408 3.466322
46.863953 2.418155
44.599094 1.976461
47.137085 4.674159
47.123211 4.636564
53.023510 3.426462
51.526295 2.900129
45.654453 1.787915
46.863953 2.418155
47.592289 2.635636
51.243752 2.855784
43.874706 1.957288
46.588902 4.278653
47.859760 2.697149
46.591934 2.369166
46.932682 4.607593
50.890553 2.761656
45.755974 1.814523
53.892101 2.614648
42.769382 3.401865
46.458603 1.733240
52.382584 2.829034
47.069084 3.174658
47.790909 3.136491
50.850597 2.540604
49.100986 2.788249
45.284996 3.063448
51.064293 2.888699
53.213768 2.959589
47.025078 3.247771
47.285942 4.583254
46.397827 2.154003
47.520416 2.544643
47.194317 2.559877
47.018856 1.674591
48.204021 2.838326
50.478088 2.031294
53.631527 2.434326
46.387772 3.156725
53.181614 2.468589
46.147175 1.759505
51.843327 3.313353
41.923233 2.216153
47.546986 2.761823
41.430920 2.285250
48.192787 2.716831
30.593559 16.904757
51.503754 2.154295
46.857285 3.247958
26.086901 14.364396
46.458603 1.733240
49.090622 3.134198
46.808758 3.160708
47.381920 2.318625
53.631527 2.434326
46.750366 1.834031
51.537792 2.176726
46.788528 1.789733
47.458424 3.055612
54.151497 2.307966
45.900761 2.791943
43.874706 1.957288
46.935555 2.224875
47.520416 2.544643
50.499577 2.292656
47.520416 2.544643
50.341202 3.105219
45.170010 3.861806
46.702732 2.238116
45.428432 2.532119
48.836063 2.464296
45.029964 2.519984
47.190411 3.766696
53.346966 3.249026
45.150326 2.869866
46.702732 2.238116
47.069084 3.174658
43.903305 2.141826
46.090256 1.919312
53.197239 3.395378
52.994682 2.692852
47.045998 1.506688
44.547741 2.605483
53.181614 2.468589
53.885399 2.738313
50.268940 2.811618
50.550808 2.766647
53.631527 2.434326
49.410473 3.092493
53.212112 3.404221
46.273335 2.861233
44.898266 3.741273
47.592289 2.635636
53.179729 3.604620
52.804588 3.011950
47.282280 3.536961
55.486507 3.428030
44.711155 2.249930
43.420036 1.743555
46.647343 1.734350
43.420036 1.743555
47.123211 4.636564
46.003464 1.964390
46.614658 3.004562
30.982439 15.455897
46.454353 2.961694
52.075466 2.863742
46.185036 1.984006
45.585636 4.186498
47.831463 2.750279
52.954247 3.277512
44.711155 2.249930
49.100986 2.788249
45.832634 2.512773
46.168495 2.110210
50.278408 3.466322
47.359940 2.679072
49.716076 3.256683
45.284996 3.063448
47.198349 4.674574
49.716076 3.256683
46.418407 3.106973
52.282829 2.397496
53.023510 3.426462
43.739674 2.125427
46.214649 1.929514
46.614658 3.004562
47.381920 2.318625
50.268940 2.811618
47.137085 4.674159
46.855362 2.933242
48.617077 3.250312
55.486507 3.428030
47.070610 4.460313
46.857285 3.247958
51.830563 3.246434
44.658932 2.488244
53.892101 2.614648
43.903305 2.141826
44.997356 3.569493
44.639725 2.087394
51.843327 3.313353
47.501526 3.309529
47.123211 4.636564
46.090256 1.919312
46.418407 3.106973
53.212112 3.404221
43.420036 1.743555
46.206448 2.600431
46.047054 1.855274
47.790909 3.136491
45.029964 2.519984
45.809921 2.190037
46.147175 1.759505
45.853535 1.952977
47.137085 4.674159
48.797108 3.090873
50.296474 2.989740
46.418407 3.106973
48.287968 2.791220
50.088905 2.796727
43.420036 1.743555
42.272160 2.214986
50.104065 3.297485
52.959896 3.049631
45.543724 2.486857
50.088905 2.796727
46.022041 2.673821
46.147175 1.759505
47.618214 2.625924
50.145550 2.626221
49.410473 3.092493
45.000111 2.876109
48.287968 2.791220
50.650082 2.376943
49.197010 2.772639
46.454353 2.961694
46.647343 1.734350
53.197239 3.395378
53.631527 2.434326
50.137470 3.527549
43.172569 2.544272
49.235870 2.806929
45.428432 2.532119
30.577621 16.896357
48.648205 3.045826
45.027229 2.586194
53.213768 2.959589
44.537525 1.870197
45.654453 1.787915
52.930752 2.812451
43.420036 1.743555
30.982439 15.455897
42.272160 2.214986
49.113766 2.783829
53.461407 3.375162
46.581642 3.178535
43.539463 2.202508
46.159649 3.195763
45.809921 2.190037
49.430710 3.708467
48.617077 3.250312
47.315121 3.293286
52.783192 2.822824
49.584698 2.907839
43.903305 2.141826
46.809303 1.754947
49.716076 3.256683
47.592289 2.635636
52.994682 2.692852
47.859760 2.697149
46.932682 4.607593
46.185036 1.984006
43.420036 1.743555
53.249615 3.150281
48.549980 3.115675
46.484703 2.916041
26.662603 14.371937
47.592289 2.635636
47.069084 3.174658
46.932682 4.607593
46.932682 4.607593
43.211292 2.114050
49.410473 3.092493
54.024769 3.284683
46.932682 4.607593
41.737949 2.104301
44.488087 2.225309
54.352402 2.258065
41.923233 2.216153
50.890553 2.761656
46.206448 2.600431
49.675468 3.183974
47.681648 3.213017
46.147175 1.759505
48.805035 2.000961
45.183689 2.197740
41.945110 2.299683
49.584698 2.907839
50.478088 2.031294
45.900761 2.791943
43.874706 1.957288
46.612633 3.236830
46.702732 2.238116
48.309467 2.762972
47.790909 3.136491
45.809921 2.190037
48.204021 2.838326
46.980503 3.363964
48.232349 3.167300
45.315407 2.423642
46.857285 3.247958
41.923233 2.216153
44.032295 1.952039
45.654453 1.787915
46.454353 2.961694
51.537792 2.176726
55.486507 3.428030
46.147175 1.759505
48.192787 2.716831
51.444839 3.334174
46.206448 2.600431
46.928364 1.859159
47.501526 3.309529
46.964535 2.448020
47.520416 2.544643
30.577621 16.896357
45.170010 3.861806
46.819622 2.269848
50.421947 3.378155
44.735184 2.164933
46.819622 2.269848
45.832634 2.512773
45.590298 1.982794
47.790909 3.136491
46.398445 3.730431
44.548267 4.373396
53.181614 2.468589
42.769382 3.401865
45.760303 3.732436
48.899055 2.649740
48.617077 3.250312
50.145550 2.626221
47.381920 2.318625
52.453320 3.000489
44.032295 1.952039
44.639725 2.087394
53.181614 2.468589
42.769382 3.401865
44.488087 2.225309
48.576225 2.811393
45.396000 2.171172
46.958160 2.249042
43.935608 2.390173
44.711155 2.249930
44.831886 4.015716
43.225456 2.126268
43.739674 2.125427
43.729919 1.633237
43.144478 2.118641
46.932682 4.607593
53.142612 2.677149
48.562012 3.470340
47.681648 3.213017
52.632145 3.502336
46.614658 3.004562
53.892101 2.614648
49.078583 3.688061
51.503868 2.284055
46.916660 2.623365
52.930752 2.812451
50.088905 2.796727
50.827179 3.012906
52.453320 3.000489
47.371662 2.089167
49.213741 2.606580
52.282829 2.397496
47.504246 2.487494
43.420036 1.743555
53.631527 2.434326
47.383156 3.242487
47.018856 1.674591
52.282829 2.397496
55.367271 3.077283
46.086689 4.513674
46.458603 1.733240
51.064293 2.888699
47.790909 3.136491
47.085789 2.991955
47.378521 2.354434
47.790909 3.136491
43.144478 2.118641
52.468502 2.978594
46.958160 2.249042
47.681648 3.213017
45.396000 2.171172
54.352402 2.258065
48.287968 2.791220
46.159649 3.195763
48.242825 3.181499
47.090031 1.650918
44.319805 1.856012
46.612633 3.236830
53.213768 2.959589
47.689034 2.572987
53.327137 3.472423
44.639725 2.087394
52.946495 3.074037
44.711155 2.249930
45.853535 1.952977
45.853535 1.952977
52.849777 2.946607
46.454353 2.961694
46.897057 2.294507
43.903305 2.141826
48.404411 2.951238
47.051857 4.432195
43.097706 3.518734
52.382584 2.829034
52.946495 3.074037
43.420036 1.743555
52.804588 3.011950
43.874706 1.957288
53.327137 3.472423
46.120930 1.529845
46.647343 1.734350
47.123211 4.636564
54.352402 2.258065
48.549980 3.115675
46.047054 1.855274
48.204021 2.838326
51.843327 3.313353
46.206448 2.600431
47.546986 2.761823
46.147175 1.759505
50.361691 2.638402
46.147175 1.759505
49.716076 3.256683
52.453320 3.000489
51.137997 2.789417
47.681648 3.213017
51.940113 3.229296
47.790909 3.136491
43.097706 3.518734
55.486507 3.428030
49.738464 2.727881
48.045326 2.820088
53.249615 3.150281
46.157940 2.196476
47.123211 4.636564
43.213989 2.003803
47.051857 4.432195
53.249615 3.150281
46.465942 3.031261
30.577621 16.896357
53.776955 3.124856
46.185036 1.984006
48.418854 3.410034
44.093395 2.461661
50.850597 2.540604
43.874706 1.957288
44.515884 2.171747
46.863953 2.418155
47.790909 3.136491
49.361759 3.235485
51.213604 2.996441
52.959896 3.049631
53.249615 3.150281
46.855362 2.933242
46.614658 3.004562
50.278408 3.466322
47.520416 2.544643
53.892101 2.614648
43.453129 2.646586
43.420036 1.743555
47.051857 4.432195
53.631527 2.434326
52.453320 3.000489
46.206448 2.600431
53.023510 3.426462
50.212463 3.796059
46.932682 4.607593
52.632145 3.502336
47.123211 4.636564
47.194317 2.559877
46.863953 2.418155
50.478088 2.031294
50.843384 2.646344
46.809303 1.754947
45.415569 1.397251
53.885399 2.738313
48.001087 2.687439
52.453320 3.000489
49.213741 2.606580
46.418407 3.106973
47.359940 2.679072
46.291878 1.807312
46.788528 1.789733
51.452278 3.890340
47.198349 4.674574
52.946495 3.074037
48.004391 2.272408
44.711155 2.249930
46.384979 3.235886
53.461407 3.375162
46.454353 2.961694
50.398148 2.773000
47.315121 3.293286
53.213768 2.959589
49.303627 3.446409
50.421947 3.378155
47.066422 1.553762
50.478088 2.031294
51.769245 2.742572
53.181614 2.468589
43.225456 2.126268
51.137997 2.789417
50.421947 3.378155
45.900761 2.791943
43.225456 2.126268
48.617077 3.250312
53.885399 2.738313
46.853630 1.657391
48.941212 2.787091
43.539463 2.202508
46.147175 1.759505
46.614658 3.004562
44.997356 3.569493
45.809921 2.190037
49.716076 3.256683
30.982439 15.455897
46.819622 2.269848
53.885399 2.738313
44.735184 2.164933
43.420036 1.743555
47.790909 3.136491
47.634998 3.015834
46.647343 1.734350
49.675468 3.183974
48.836063 2.464296
54.197659 3.608564
48.309467 2.762972
48.192787 2.716831
46.788528 1.789733
52.453320 3.000489
47.028549 4.578557
53.535480 2.507108
46.022041 2.673821
47.069084 3.174658
53.193790 2.541368
50.398148 2.773000
52.058380 2.988075
49.113766 2.783829
46.796597 4.563446
52.453320 3.000489
47.412170 3.548696
45.165329 2.265173
46.809303 1.754947
47.412170 3.548696
52.804588 3.011950
52.453320 3.000489
50.864079 3.080022
51.213604 2.996441
46.928364 1.859159
52.075466 2.863742
46.958160 2.249042
46.086689 4.513674
50.430252 3.234604
46.808758 3.160708
42.002941 2.616262
46.897057 2.294507
46.819622 2.269848
45.760303 3.732436
42.133915 2.267768
43.420036 1.743555
42.604263 2.227961
52.632145 3.502336
53.631527 2.434326
48.965202 3.695219
47.592289 2.635636
47.412170 3.548696
44.997356 3.569493
45.809921 2.190037
48.309467 2.762972
44.898266 3.741273
51.137997 2.789417
47.070610 4.460313
48.367222 2.419630
47.859760 2.697149
43.200012 1.570925
55.486507 3.428030
46.147175 1.759505
46.147175 1.759505
44.537525 1.870197
43.874706 1.957288
43.871609 2.359600
46.454353 2.961694
43.739674 2.125427
50.296474 2.989740
46.819622 2.269848
45.082508 2.678069
49.410473 3.092493
46.291878 1.807312
42.002941 2.616262
53.213768 2.959589
47.090031 1.650918
46.458603 1.733240
44.093395 2.461661
55.243187 3.390257
46.022041 2.673821
52.804588 3.011950
53.346966 3.249026
43.420036 1.743555
45.396000 2.171172
46.919025 3.063857
47.634998 3.015834
47.634998 3.015834
52.453320 3.000489
47.282280 3.536961
51.137997 2.789417
50.478088 2.031294
54.197659 3.608564
50.088905 2.796727
46.897057 2.294507
47.592289 2.635636
48.617077 3.250312
49.716076 3.256683
46.168495 2.110210
55.367271 3.077283
46.750519 4.054521
47.081940 4.586845
49.111496 2.772983
45.428432 2.532119
47.378521 2.354434
47.412170 3.548696
49.213741 2.606580
47.066422 1.553762
43.739674 2.125427
47.066422 1.553762
43.874706 1.957288
50.429230 3.614144
53.151787 2.802595
47.564777 3.191072
52.468502 2.978594
45.027229 2.586194
45.853535 1.952977
44.070560 2.042080
52.282829 2.397496
50.650082 2.376943
48.617077 3.250312
48.287968 2.791220
51.503868 2.284055
46.454353 2.961694
49.213741 2.606580
55.486507 3.428030
46.647343 1.734350
47.634998 3.015834
47.123211 4.636564
46.159649 3.195763
46.118465 3.501782
46.273335 2.861233
52.984608 3.692403
46.185036 1.984006
48.584244 2.897161
53.181614 2.468589
46.454353 2.961694
54.158188 2.338355
43.225456 2.126268
50.398148 2.773000
46.647343 1.734350
46.291878 1.807312
45.165329 2.265173
46.710670 2.858477
46.855362 2.933242
46.484703 2.916041
44.711155 2.249930
50.398148 2.773000
48.287968 2.791220
46.819622 2.269848
44.537525 1.870197
52.468502 2.978594
47.381920 2.318625
45.396000 2.171172
48.856834 2.856645
47.458424 3.055612
46.147175 1.759505
44.711155 2.249930
42.272160 2.214986
50.145550 2.626221
43.258537 1.502220
50.088905 2.796727
50.478088 2.031294
46.614658 3.004562
50.890553 2.761656
49.675468 3.183974
48.576225 2.811393
47.066422 1.553762
45.853535 1.952977
47.123211 4.636564
44.711155 2.249930
48.404411 2.951238
45.585636 4.186498
46.484703 2.916041
46.086689 4.513674
43.539463 2.202508
45.183689 2.197740
47.790909 3.136491
47.025078 3.247771
53.197239 3.395378
46.919025 3.063857
45.135368 2.518040
53.631527 2.434326
54.158188 2.338355
43.874706 1.957288
46.458603 1.733240
47.070610 4.460313
52.632145 3.502336
46.454353 2.961694
42.272160 2.214986
47.025078 3.247771
48.293594 3.104543
50.890553 2.761656
50.236633 3.142374
47.066422 1.553762
45.850391 3.968827
47.968796 2.099978
52.994682 2.692852
47.378521 2.354434
46.857285 3.247958
45.696140 4.118997
21.956264 14.913142
51.594059 2.589790
44.548267 4.373396
45.000111 2.876109
48.549980 3.115675
48.965202 3.695219
46.857285 3.247958
52.453320 3.000489
47.069084 3.174658
48.498955 3.117949
48.755192 3.419272
44.070560 2.042080
30.577621 16.896357
44.548267 4.373396
53.181614 2.468589
47.790909 3.136491
53.885399 2.738313
49.111496 2.772983
44.519691 2.460498
50.088905 2.796727
46.591934 2.369166
49.675468 3.183974
43.420036 1.743555
52.075466 2.863742
48.204021 2.838326
44.548267 4.373396
47.381920 2.318625
53.927158 3.643612
53.181614 2.468589
46.808758 3.160708
44.711155 2.249930
46.418407 3.106973
46.956612 2.459635
52.282829 2.397496
51.830563 3.246434
49.732025 3.195834
44.735184 2.164933
52.930752 2.812451
53.249615 3.150281
52.804588 3.011950
54.197659 3.608564
47.634998 3.015834
48.001087 2.687439
52.804588 3.011950
47.790909 3.136491
45.396000 2.171172
43.874706 1.957288
46.206448 2.600431
48.617077 3.250312
48.965202 3.695219
50.223492 3.510044
48.584244 2.897161
47.380692 3.121541
50.361691 2.638402
46.458603 1.733240
47.412170 3.548696
26.086901 14.364396
46.058201 2.357204
46.147175 1.759505
47.090031 1.650918
53.249615 3.150281
48.309467 2.762972
51.769245 2.742572
52.453320 3.000489
43.539463 2.202508
53.179729 3.604620
46.897057 2.294507
53.142612 2.677149
44.548267 4.373396
42.604263 2.227961
46.647343 1.734350
48.965202 3.695219
50.398148 2.773000
46.159649 3.195763
43.874706 1.957288
47.090031 1.650918
45.396000 2.171172
43.420036 1.743555
53.346966 3.249026
53.197239 3.395378
51.213604 2.996441
45.170010 3.861806
47.592289 2.635636
50.088905 2.796727
52.075859 2.283783
49.113766 2.783829
51.444839 3.334174
43.420036 1.743555
51.243752 2.855784
44.093395 2.461661
46.185036 1.984006
44.711155 2.249930
52.382584 2.829034
49.716076 3.256683
47.018856 1.674591
46.819622 2.269848
46.458603 1.733240
47.051857 4.432195
46.808758 3.160708
46.206448 2.600431
48.725616 2.306860
49.430710 3.708467
50.398148 2.773000
51.769245 2.742572
46.484703 2.916041
46.090256 1.919312
44.713566 4.327724
51.537792 2.176726
55.486507 3.428030
52.075466 2.863742
51.243752 2.855784
43.874706 1.957288
42.133915 2.267768
46.819622 2.269848
46.702732 2.238116
52.804588 3.011950
43.225456 2.126268
51.830563 3.246434
48.287968 2.791220
48.562012 3.470340
47.681648 3.213017
55.486507 3.428030
53.873547 2.346888
47.520416 2.544643
52.453320 3.000489
49.584698 2.907839
46.808758 3.160708
55.087872 4.010080
48.287968 2.791220
47.520416 2.544643
30.577621 16.896357
51.213604 2.996441
52.468502 2.978594
47.546986 2.761823
49.716076 3.256683
52.994682 2.692852
47.085789 2.991955
51.913254 3.110936
45.428432 2.532119
48.309467 2.762972
53.327137 3.472423
44.711155 2.249930
51.213604 2.996441
54.158188 2.338355
49.716076 3.256683
46.808758 3.160708
46.855362 2.933242
46.809303 1.754947
48.287968 2.791220
47.198349 4.674574
48.287968 2.791220
49.111496 2.772983
42.133915 2.267768
42.769382 3.401865
45.832634 2.512773
48.755192 3.419272
48.755192 3.419272
46.185036 1.984006
47.790909 3.136491
43.739674 2.125427
46.647343 1.734350
48.259079 2.086794
53.181614 2.468589
47.198349 4.674574
45.853535 1.952977
49.439522 2.822917
46.815163 2.075218
46.022041 2.673821
46.188278 1.477163
46.843594 2.590022
47.520416 2.544643
55.243187 3.390257
46.418407 3.106973
49.716076 3.256683
47.592289 2.635636
51.243752 2.855784
49.675468 3.183974
43.739674 2.125427
46.086689 4.513674
46.581642 3.178535
53.631527 2.434326
50.296474 2.989740
30.577621 16.896357
47.459042 2.684494
45.654453 1.787915
44.831886 4.015716
46.185036 1.984006
46.964535 2.448020
47.090031 1.650918
48.562012 3.470340
48.001087 2.687439
53.923691 2.176086
47.459042 2.684494
47.066422 1.553762
47.051857 4.432195
46.897057 2.294507
47.008438 4.697644
50.088905 2.796727
45.082508 2.678069
46.857285 3.247958
55.367271 3.077283
53.181614 2.468589
46.206448 2.600431
54.024769 3.284683
49.090622 3.134198
44.898266 3.741273
54.197659 3.608564
46.233711 2.548407
50.850597 2.540604
53.179729 3.604620
51.830563 3.246434
47.491634 3.019187
45.000111 2.876109
52.804588 3.011950
45.585636 4.186498
53.631527 2.434326
48.498955 3.117949
47.069084 3.174658
45.853535 1.952977
51.243752 2.855784
44.868492 1.587027
47.520416 2.544643
50.421947 3.378155
49.213741 2.606580
46.809303 1.754947
47.458363 3.332802
48.856834 2.856645
47.139355 1.550109
46.090256 1.919312
49.732025 3.195834
47.543159 3.120663
54.024769 3.284683
45.396000 2.171172
48.349518 3.205505
30.982439 15.455897
50.850597 2.540604
45.396000 2.171172
46.484703 2.916041
46.291878 1.807312
53.927158 3.643612
46.147175 1.759505
43.420036 1.743555
52.453320 3.000489
46.855362 2.933242
50.223492 3.510044
51.769245 2.742572
50.278408 3.466322
46.614658 3.004562
50.890553 2.761656
43.144478 2.118641
49.213943 2.621699
47.069084 3.174658
49.113766 2.783829
46.897057 2.294507
44.032295 1.952039
46.964535 2.448020
46.147175 1.759505
51.843327 3.313353
46.147175 1.759505
44.519691 2.460498
47.790909 3.136491
51.537792 2.176726
49.410473 3.092493
51.940113 3.229296
47.458424 3.055612
42.769382 3.401865
46.418407 3.106973
46.454353 2.961694
46.206448 2.600431
47.069084 3.174658
51.940113 3.229296
52.804588 3.011950
49.895611 2.757898
48.755192 3.419272
52.994682 2.692852
51.738033 2.972464
49.197010 2.772639
46.944786 2.980350
48.926224 2.832107
46.206448 2.600431
48.349518 3.205505
46.702732 2.238116
50.850597 2.540604
46.454353 2.961694
53.923691 2.176086
46.206448 2.600431
50.650082 2.376943
45.135368 2.518040
41.737949 2.104301
44.547741 2.605483
51.503754 2.154295
46.612633 3.236830
43.225456 2.126268
46.047054 1.855274
47.069084 3.174658
46.206448 2.600431
46.090256 1.919312
46.188278 1.477163
47.790909 3.136491
47.069084 3.174658
48.418854 3.410034
47.069084 3.174658
46.022041 2.673821
44.776081 3.330038
52.453320 3.000489
46.919025 3.063857
47.543159 3.120663
43.420036 1.743555
46.454353 2.961694
48.418854 3.410034
51.137997 2.789417
46.484703 2.916041
51.769245 2.742572
49.716076 3.256683
46.944786 2.980350
47.025078 3.247771
46.788528 1.789733
46.819622 2.269848
52.804588 3.011950
47.045998 1.506688
52.804588 3.011950
53.631527 2.434326
51.469715 2.989801
45.135368 2.518040
43.420036 1.743555
46.454353 2.961694
48.287968 2.791220
47.198349 4.674574
44.488087 2.225309
48.001087 2.687439
49.716076 3.256683
53.151787 2.802595
44.488087 2.225309
46.857285 3.247958
44.997356 3.569493
47.634998 3.015834
52.468502 2.978594
46.612633 3.236830
46.233711 2.548407
41.945110 2.299683
48.965202 3.695219
45.135368 2.518040
48.617077 3.250312
46.090256 1.919312
48.617077 3.250312
46.614658 3.004562
52.282829 2.397496
46.170395 1.503531
51.537792 2.176726
44.711155 2.249930
43.420036 1.743555
52.075466 2.863742
46.958160 2.249042
54.158188 2.338355
30.577621 16.896357
51.913254 3.110936
50.223492 3.510044
47.570091 2.359188
47.501526 3.309529
52.804588 3.011950
53.193790 2.541368
53.249615 3.150281
47.546986 2.761823
46.809303 1.754947
44.093395 2.461661
45.000111 2.876109
43.420036 1.743555
48.001087 2.687439
52.994682 2.692852
45.396000 2.171172
45.853535 1.952977
43.874706 1.957288
55.486507 3.428030
52.994682 2.692852
49.213741 2.606580
48.293594 3.104543
48.617077 3.250312
48.617077 3.250312
44.776081 3.330038
44.997356 3.569493
44.093395 2.461661
47.066422 1.553762
26.086901 14.364396
52.453320 3.000489
49.764130 2.604127
47.681648 3.213017
43.144478 2.118641
49.716076 3.256683
53.249615 3.150281
49.439522 2.822917
51.137997 2.789417
42.769382 3.401865
42.133915 2.267768
50.478088 2.031294
51.830563 3.246434
43.144478 2.118641
45.135368 2.518040
44.488087 2.225309
46.185036 1.984006
46.857285 3.247958
52.348072 3.888819
47.315121 3.293286
51.830563 3.246434
46.022041 2.673821
47.546986 2.761823
45.876408 3.866314
47.634998 3.015834
53.327137 3.472423
43.420036 1.743555
48.617077 3.250312
45.853535 1.952977
50.850597 2.540604
45.900761 2.791943
52.804588 3.011950
47.968796 2.099978
48.485710 3.404605
43.144478 2.118641
46.484703 2.916041
47.018856 1.674591
48.287968 2.791220
52.453320 3.000489
43.739674 2.125427
46.788528 1.789733
53.176571 3.519537
49.410473 3.092493
52.468502 2.978594
46.168495 2.110210
50.296474 2.989740
44.711155 2.249930
54.352402 2.258065
48.404411 2.951238
46.612633 3.236830
53.213768 2.959589
47.359940 2.679072
46.958160 2.249042
46.147175 1.759505
51.137997 2.789417
48.755192 3.419272
47.123211 4.636564
50.926693 2.868916
46.964535 2.448020
47.501526 3.309529
51.843327 3.313353
53.631527 2.434326
44.711155 2.249930
43.211292 2.114050
52.075466 2.863742
45.585636 4.186498
47.546986 2.761823
30.567835 16.828510
45.791901 3.940080
47.081940 4.586845
43.739674 2.125427
44.711155 2.249930
41.737949 2.104301
47.634998 3.015834
46.857285 3.247958
50.278408 3.466322
49.439522 2.822917
46.147175 1.759505
44.548267 4.373396
48.793823 2.815635
45.850391 3.968827
44.711155 2.249930
47.543159 3.120663
52.804588 3.011950
46.897057 2.294507
52.804588 3.011950
46.147175 1.759505
52.804588 3.011950
46.614658 3.004562
46.614658 3.004562
51.830563 3.246434
46.022041 2.673821
44.548267 4.373396
47.045998 1.506688
55.243187 3.390257
46.710670 2.858477
48.259079 2.086794
43.739674 2.125427
45.850391 3.968827
48.287968 2.791220
48.576225 2.811393
47.285942 4.583254
48.965202 3.695219
46.418407 3.106973
48.965202 3.695219
49.716076 3.256683
45.929806 4.231736
47.790909 3.136491
47.090031 1.650918
45.165329 2.265173
49.410473 3.092493
45.135368 2.518040
48.755192 3.419272
46.788528 1.789733
46.702732 2.238116
46.647343 1.734350
44.093395 2.461661
49.675468 3.183974
45.696140 4.118997
46.949059 3.302827
42.048630 2.307008
50.650082 2.376943
52.453320 3.000489
46.863953 2.418155
48.485710 3.404605
49.410473 3.092493
46.897057 2.294507
46.090256 1.919312
49.213741 2.606580
54.352402 2.258065
44.868492 1.587027
49.303627 3.446409
49.675468 3.183974
46.788528 1.789733
46.022041 2.673821
45.585636 4.186498
47.090031 1.650918
47.790909 3.136491
53.197239 3.395378
43.420036 1.743555
53.249615 3.150281
47.790909 3.136491
46.863953 2.418155
47.198349 4.674574
47.681648 3.213017
46.147175 1.759505
49.410473 3.092493
47.482994 2.252092
51.064293 2.888699
26.086901 14.364396
52.804588 3.011950
46.418407 3.106973
46.647343 1.734350
52.804588 3.011950
47.090031 1.650918
46.185036 1.984006
54.024769 3.284683
44.711155 2.249930
47.456211 3.029901
53.327137 3.472423
48.866055 3.104533
52.101746 2.493549
53.213768 2.959589
47.123211 4.636564
46.612633 3.236830
41.923233 2.216153
50.223492 3.510044
47.025078 3.247771
45.396000 2.171172
44.032295 1.952039
51.913254 3.110936
51.537792 2.176726
48.866055 3.104533
45.809921 2.190037
45.000111 2.876109
45.850391 3.968827
47.968796 2.099978
44.711155 2.249930
49.113766 2.783829
45.850391 3.968827
52.632145 3.502336
46.147175 1.759505
43.903305 2.141826
44.713566 4.327724
53.873547 2.346888
53.023510 3.426462
47.501526 3.309529
48.549980 3.115675
30.982439 15.455897
48.617077 3.250312
49.764130 2.604127
48.899055 2.649740
51.830563 3.246434
48.287968 2.791220
48.549980 3.115675
51.843327 3.313353
52.804588 3.011950
47.859760 2.697149
45.428432 2.532119
47.790909 3.136491
47.381920 2.318625
45.853535 1.952977
47.458424 3.055612
48.367222 2.419630
51.940113 3.229296
46.614658 3.004562
43.739674 2.125427
52.804588 3.011950
48.485710 3.404605
44.083374 2.169460
47.790909 3.136491
53.179729 3.604620
55.367271 3.077283
45.809921 2.190037
43.903305 2.141826
51.843327 3.313353
52.804588 3.011950
54.024769 3.284683
48.309467 2.762972
44.711155 2.249930
44.711155 2.249930
46.857285 3.247958
46.614658 3.004562
46.454353 2.961694
51.843327 3.313353
30.577621 16.896357
49.675468 3.183974
48.287968 2.791220
26.086901 14.364396
46.525497 2.968581
30.982439 15.455897
30.982439 15.455897
46.418407 3.106973
48.856834 2.856645
49.716076 3.256683
44.711155 2.249930
53.873547 2.346888
45.853535 1.952977
46.647343 1.734350
45.929806 4.231736
47.634998 3.015834
54.024769 3.284683
54.158188 2.338355
54.376858 2.371028
48.617077 3.250312
43.200012 1.570925
48.755192 3.419272
49.936050 3.438932
47.285942 4.583254
52.468502 2.978594
53.631527 2.434326
46.120930 1.529845
53.631527 2.434326
46.853630 1.657391
47.412170 3.548696
45.929806 4.231736
48.965202 3.695219
47.123211 4.636564
48.755192 3.419272
47.546986 2.761823
47.008438 4.697644
49.277584 3.402272
55.367271 3.077283
49.584698 2.907839
42.604263 2.227961
53.213768 2.959589
46.788528 1.789733
46.418407 3.106973
45.000111 2.876109
46.702732 2.238116
30.982439 15.455897
48.617077 3.250312
53.631527 2.434326
47.066422 1.553762
46.932682 4.607593
46.418407 3.106973
44.548267 4.373396
46.897057 2.294507
46.418407 3.106973
46.857285 3.247958
45.543724 2.486857
47.790909 3.136491
48.287968 2.791220
50.088905 2.796727
46.418407 3.106973
48.617077 3.250312
47.681648 3.213017
45.850391 3.968827
46.418407 3.106973
47.790909 3.136491
47.634998 3.015834
46.418407 3.106973
50.827179 3.012906
49.111496 2.772983
44.711155 2.249930
46.612633 3.236830
46.484703 2.916041
50.137470 3.527549
55.367271 3.077283
52.946495 3.074037
53.213768 2.959589
50.223492 3.510044
47.285942 4.583254
52.804588 3.011950
45.135368 2.518040
47.137085 4.674159
48.617077 3.250312
46.022041 2.673821
53.179729 3.604620
45.000111 2.876109
48.755192 3.419272
43.420036 1.743555
41.923233 2.216153
45.135368 2.518040
43.874706 1.957288
49.716076 3.256683
51.594059 2.589790
47.520416 2.544643
52.453320 3.000489
48.617077 3.250312
30.577621 16.896357
44.997356 3.569493
44.711155 2.249930
52.282829 2.397496
45.929806 4.231736
52.058380 2.988075
46.944786 2.980350
43.420036 1.743555
53.631527 2.434326
30.577621 16.896357
48.404209 2.437636
47.520416 2.544643
52.468502 2.978594
44.776081 3.330038
47.592289 2.635636
48.866055 3.104533
53.631527 2.434326
51.537792 2.176726
47.069084 3.174658
51.537792 2.176726
46.788528 1.789733
43.903305 2.141826
49.410473 3.092493
43.739674 2.125427
52.453320 3.000489
49.430710 3.708467
48.549980 3.115675
46.168495 2.110210
49.439522 2.822917
46.809303 1.754947
