28.364000 2.188000
24.620001 9.444000
28.388000 -0.964000
28.667999 -2.004000
22.820000 -4.428000
32.708000 -0.580000
26.676001 8.988000
28.243999 -0.364000
31.556000 7.340000
26.284000 -4.364000
32.731998 9.516000
25.764000 3.652000
28.444000 -1.252000
17.636000 -3.068000
20.667999 2.452000
21.596001 4.684000
19.820000 -1.940000
29.507999 -4.172000
32.948002 10.084000
26.660000 3.068000
19.740000 2.500000
19.916000 -2.212000
24.068001 8.932000
32.155998 -3.908000
29.955999 -0.540000
28.236000 6.572000
17.643999 9.100000
23.764000 5.308000
31.604000 7.772000
22.507999 1.132000
32.756001 3.580000
28.243999 9.012000
19.108000 -0.212000
29.612000 1.460000
28.771999 -1.876000
22.108000 -4.124000
27.836000 -0.964000
23.348000 5.508000
19.587999 6.628000
30.812000 -1.348000
20.820000 0.932000
18.236000 -4.124000
21.148001 0.500000
24.716000 -0.364000
29.275999 -2.076000
25.020000 5.548000
19.052000 0.092000
24.268000 8.956000
29.323999 -4.748000
28.243999 8.764000
20.020000 -3.708000
23.084000 0.044000
24.068001 6.708000
29.740000 -1.868000
31.412001 -3.076000
20.100000 4.644000
25.572001 9.212000
24.612000 2.996000
31.243999 -0.972000
20.219999 9.972000
28.756001 -0.492000
27.124001 5.300000
29.091999 -3.932000
20.459999 -4.668000
19.180000 9.444000
20.724001 -3.756000
32.723999 7.332000
20.532000 -1.356000
22.204000 -0.596000
24.020000 2.332000
26.323999 0.604000
32.636002 10.436000
27.892000 9.044000
18.764000 -0.980000
31.476000 0.900000
30.020000 7.140000
24.931999 9.388000
17.955999 -0.564000
18.875999 7.156000
23.732000 -2.116000
30.275999 9.724000
28.044001 9.068000
20.020000 6.476000
31.780001 7.940000
30.587999 8.940000
27.740000 5.660000
28.851999 0.108000
29.020000 0.764000
19.556000 5.164000
30.396000 -4.404000
22.100000 -4.612000
32.492001 6.132000
29.044001 -4.332000
26.348000 10.148000
24.764000 10.252000
18.604000 4.692000
24.492001 3.068000
31.483999 1.604000
26.820000 3.860000
21.028000 3.772000
18.020000 8.572000
29.636000 10.588000
28.860001 9.148000
20.643999 2.196000
28.084000 -3.524000
17.372000 -2.212000
20.035999 7.796000
27.708000 8.804000
27.868000 5.140000
22.091999 8.868000
32.812000 9.588000
30.636000 8.740000
26.316000 4.300000
22.563999 10.460000
20.676001 5.252000
17.948000 8.140000
27.636000 10.876000
32.099998 8.100000
27.076000 5.492000
17.636000 10.284000
19.684000 -3.380000
22.020000 -3.228000
23.851999 5.788000
26.540001 11.052000
20.332001 1.252000
31.507999 1.900000
32.180000 -3.764000
32.372002 11.044000
30.268000 7.636000
22.204000 10.788000
27.908001 -2.828000
18.916000 4.716000
23.572001 -4.732000
24.243999 7.324000
24.275999 10.364000
21.284000 -4.612000
31.323999 -2.916000
27.964001 -3.836000
24.420000 9.132000
31.268000 -1.956000
21.299999 -4.532000
31.676001 -2.908000
27.724001 3.364000
21.275999 -2.876000
30.788000 4.100000
33.268002 10.900000
26.556000 8.932000
20.980000 6.412000
20.980000 -2.468000
17.516001 -4.500000
29.747999 2.316000
30.875999 0.692000
25.612000 -4.884000
20.524000 -0.900000
30.476000 -0.596000
26.507999 -0.620000
20.011999 8.636000
18.316000 -0.868000
17.691999 2.812000
20.732000 5.844000
26.716000 2.300000
33.068001 2.692000
28.236000 11.004000
31.660000 1.044000
23.931999 -1.780000
28.020000 7.428000
31.908001 -3.044000
17.636000 -2.020000
17.483999 1.188000
19.771999 4.620000
25.268000 -1.964000
19.172001 0.620000
21.492001 -4.444000
26.643999 -3.260000
19.796000 6.188000
20.068001 0.908000
24.628000 -0.484000
29.532000 2.668000
22.476000 2.860000
25.940001 8.148000
24.156000 0.116000
32.388000 4.812000
29.396000 -4.180000
29.132000 7.980000
18.812000 -2.708000
30.427999 0.060000
25.195999 10.204000
21.827999 9.260000
24.148001 -1.564000
19.379999 9.892000
26.940001 3.572000
21.444000 2.660000
24.284000 -1.236000
30.396000 -2.588000
22.156000 -1.076000
27.812000 -1.132000
26.100000 6.772000
28.804001 -4.700000
25.892000 4.964000
30.747999 7.044000
19.459999 0.692000
32.012001 7.652000
22.275999 1.452000
32.076000 -1.452000
22.756001 6.220000
31.628000 3.556000
29.468000 -3.644000
29.228001 10.676000
27.148001 3.268000
31.219999 3.532000
18.084000 5.700000
29.427999 7.228000
19.148001 -3.788000
28.532000 -2.196000
27.044001 3.268000
32.195999 1.596000
25.115999 0.580000
32.532001 -3.492000
26.955999 9.172000
31.252001 7.092000
18.316000 10.700000
29.780001 9.644000
21.804001 -4.508000
22.988001 9.540000
27.628000 6.100000
30.212000 7.812000
25.243999 2.444000
24.356001 1.676000
23.035999 -4.660000
29.892000 -3.892000
29.188000 -2.876000
25.892000 9.612000
18.732000 -1.884000
31.500000 3.804000
30.980000 0.956000
25.436001 -2.132000
26.396000 8.628000
32.844002 -0.316000
24.700001 5.428000
17.444000 4.836000
25.004000 3.540000
32.164001 -3.860000
21.868000 0.388000
30.780001 1.412000
22.132000 1.908000
27.299999 10.044000
29.180000 3.148000
22.412001 2.692000
25.035999 -3.092000
30.716000 -0.132000
24.219999 7.580000
32.939999 9.260000
26.988001 -2.164000
26.868000 -1.868000
19.459999 2.972000
20.716000 -3.028000
27.563999 -4.324000
31.940001 3.604000
24.900000 -4.660000
31.011999 -4.428000
17.676001 2.492000
28.780001 4.956000
24.931999 -1.356000
29.188000 8.220000
26.572001 -2.804000
30.764000 3.428000
31.084000 -2.308000
26.275999 -3.668000
31.868000 6.756000
23.275999 4.468000
19.452000 4.844000
30.924000 0.324000
24.556000 10.772000
23.747999 9.476000
25.972000 5.564000
22.884001 3.028000
24.483999 0.820000
26.667999 -3.388000
21.348000 -4.820000
19.091999 3.972000
17.299999 6.124000
25.724001 3.748000
28.004000 11.012000
17.836000 4.276000
23.596001 -3.052000
18.275999 5.348000
24.100000 -3.468000
19.332001 5.900000
31.804001 9.956000
26.747999 -4.252000
31.059999 -1.436000
18.747999 6.996000
27.667999 1.700000
23.076000 2.236000
19.676001 -4.644000
26.747999 -0.852000
25.756001 8.764000
33.292000 10.796000
29.164000 9.308000
25.115999 5.572000
32.756001 6.156000
19.427999 7.604000
30.756001 4.788000
25.988001 -2.620000
33.220001 -0.236000
29.108000 -3.972000
32.436001 7.300000
24.011999 7.300000
26.388000 5.980000
30.444000 -2.204000
21.955999 0.068000
32.939999 2.204000
23.820000 -0.340000
24.124001 -4.836000
31.563999 -2.100000
26.076000 9.716000
27.452000 -4.332000
26.492001 2.380000
22.412001 -1.716000
22.180000 -1.756000
32.419998 2.908000
21.716000 2.548000
23.516001 -4.108000
21.827999 2.716000
22.427999 0.980000
27.684000 -3.428000
23.507999 9.540000
28.724001 2.732000
19.764000 7.844000
18.875999 -0.460000
23.492001 -1.340000
19.900000 3.076000
20.596001 -3.884000
28.667999 0.644000
20.812000 5.772000
18.572001 2.980000
28.132000 9.188000
25.076000 7.428000
32.116001 9.900000
29.156000 -1.708000
26.532000 4.484000
21.348000 9.908000
23.620001 -2.796000
26.676001 -4.604000
24.172001 1.724000
27.540001 2.996000
22.020000 -2.172000
28.115999 8.420000
25.851999 7.236000
25.964001 5.908000
27.700001 -0.852000
22.636000 6.012000
25.556000 -3.668000
32.299999 8.532000
28.596001 -0.596000
22.388000 -3.540000
24.052000 1.180000
23.812000 -1.180000
19.908001 10.188000
17.612000 2.852000
18.516001 0.068000
31.620001 5.412000
30.348000 0.484000
31.180000 -0.516000
32.316002 -2.396000
26.884001 2.692000
26.540001 9.444000
18.548000 2.780000
23.884001 5.388000
28.164000 8.516000
27.260000 -3.452000
33.220001 -2.316000
18.100000 10.732000
20.212000 -4.564000
22.572001 10.452000
32.051998 6.852000
29.708000 2.908000
17.452000 4.164000
27.732000 10.748000
21.100000 8.428000
25.035999 2.396000
31.132000 2.316000
18.348000 3.116000
26.955999 8.844000
26.764000 -1.884000
29.076000 -0.316000
25.796000 -3.900000
23.676001 -0.932000
26.427999 -3.676000
29.091999 2.940000
29.180000 10.684000
17.540001 -4.668000
24.483999 -3.620000
20.691999 8.852000
30.427999 2.316000
29.139999 0.908000
23.612000 -3.780000
23.084000 2.604000
21.243999 -1.452000
19.059999 10.340000
30.204000 6.228000
19.459999 6.468000
31.931999 0.468000
23.243999 3.860000
25.492001 3.804000
20.388000 -0.348000
33.051998 8.780000
17.540001 -1.436000
21.996000 5.332000
30.492001 7.092000
28.011999 6.812000
27.940001 -4.212000
28.091999 10.420000
32.348000 3.188000
18.364000 -1.804000
27.596001 1.284000
29.452000 1.036000
19.252001 4.092000
19.372000 -4.396000
20.124001 8.796000
22.940001 6.332000
23.691999 0.972000
19.820000 -1.420000
24.124001 0.452000
21.195999 1.516000
29.796000 -4.188000
26.940001 10.780000
24.587999 -0.444000
28.524000 1.628000
23.868000 7.276000
20.844000 -0.268000
29.524000 6.124000
22.900000 -4.540000
31.596001 2.292000
22.011999 6.188000
28.708000 2.684000
25.587999 -0.852000
18.035999 6.436000
32.667999 1.660000
18.628000 11.052000
18.284000 -1.404000
29.172001 -2.364000
32.748001 3.236000
26.620001 4.348000
25.851999 9.060000
28.676001 4.468000
21.851999 -0.428000
30.708000 0.316000
28.020000 2.500000
18.676001 3.828000
21.516001 7.628000
31.796000 3.500000
18.292000 5.764000
26.788000 -0.908000
23.652000 7.644000
18.427999 5.836000
20.796000 -2.796000
30.020000 10.612000
21.403999 8.148000
19.356001 9.532000
20.068001 0.564000
27.100000 -0.940000
20.667999 2.876000
22.372000 -3.636000
20.148001 2.716000
29.076000 6.668000
18.188000 10.164000
30.587999 9.700000
19.028000 -2.188000
28.052000 -0.132000
19.436001 5.452000
23.356001 -0.748000
22.500000 5.436000
32.307999 -2.668000
32.924000 0.180000
30.084000 -4.044000
24.796000 -0.340000
21.620001 -0.228000
17.964001 1.500000
30.172001 -0.932000
24.812000 1.204000
27.732000 10.084000
18.612000 -0.716000
20.091999 1.108000
20.011999 0.732000
33.188000 -2.484000
25.931999 7.828000
20.556000 -1.028000
29.788000 2.452000
25.724001 -0.676000
29.252001 9.652000
29.948000 4.084000
18.796000 8.212000
20.804001 11.004000
27.860001 0.540000
21.188000 3.244000
21.004000 -4.116000
25.379999 -0.860000
18.436001 -4.372000
20.700001 6.876000
24.124001 2.828000
23.284000 -0.524000
21.427999 3.788000
26.572001 10.116000
21.724001 4.676000
25.323999 -4.620000
18.156000 -0.916000
26.532000 9.988000
19.972000 -4.876000
23.572001 -1.476000
31.403999 8.164000
21.780001 -1.852000
26.780001 2.276000
26.076000 -1.636000
28.091999 5.604000
22.372000 -2.372000
21.980000 1.300000
25.188000 10.540000
32.436001 0.028000
29.851999 9.116000
20.228001 7.220000
23.964001 -1.476000
32.076000 8.004000
19.700001 3.596000
22.332001 1.204000
21.364000 6.276000
23.500000 10.956000
29.620001 5.660000
21.444000 7.620000
29.292000 4.172000
24.563999 9.924000
19.724001 0.588000
20.756001 -0.628000
31.780001 1.772000
30.068001 9.620000
22.868000 -2.308000
21.020000 6.708000
28.188000 5.844000
18.796000 9.988000
33.147999 5.980000
32.332001 0.060000
27.643999 2.492000
26.379999 8.764000
24.836000 10.060000
18.604000 6.828000
21.299999 -0.780000
19.172001 5.756000
32.900002 0.644000
28.011999 2.140000
19.643999 4.804000
20.356001 6.652000
19.884001 1.004000
24.908001 10.084000
21.020000 4.444000
23.804001 8.564000
25.115999 -0.620000
29.011999 1.252000
18.156000 3.676000
31.219999 -1.612000
29.996000 3.556000
23.643999 6.612000
22.260000 -3.988000
28.268000 6.444000
21.572001 10.164000
29.836000 0.676000
17.836000 8.492000
28.764000 7.020000
18.356001 10.692000
29.483999 8.620000
18.476000 8.132000
19.980000 -1.524000
33.043999 3.444000
20.011999 1.228000
24.788000 8.324000
25.716000 4.860000
26.931999 5.396000
29.620001 0.868000
25.275999 4.740000
32.324001 0.924000
26.660000 4.916000
29.459999 7.604000
30.580000 10.164000
19.436001 -3.116000
19.636000 7.188000
21.724001 -0.396000
32.195999 9.244000
26.884001 8.380000
20.308001 3.172000
29.323999 2.196000
22.684000 -4.444000
31.884001 10.532000
25.652000 10.636000
17.396000 -3.228000
31.275999 1.932000
26.372000 9.172000
31.236000 10.884000
30.403999 4.468000
24.964001 10.292000
29.172001 9.140000
26.020000 1.340000
32.683998 -0.076000
19.860001 -4.900000
24.916000 -4.804000
31.756001 9.172000
21.500000 2.252000
18.563999 0.188000
29.780001 0.108000
25.084000 10.596000
31.284000 6.468000
28.572001 2.004000
31.955999 1.388000
31.964001 6.764000
18.316000 -1.620000
22.348000 -0.348000
20.028000 6.668000
28.964001 7.940000
24.507999 4.420000
32.236000 -0.980000
23.156000 -2.996000
30.940001 -4.900000
28.955999 9.756000
28.988001 -4.764000
18.652000 -0.924000
21.604000 4.124000
25.444000 6.860000
20.436001 5.340000
23.332001 -0.636000
31.243999 -1.700000
25.468000 6.980000
31.059999 4.620000
30.372000 0.276000
33.164001 -1.212000
18.436001 0.140000
25.804001 7.260000
21.732000 -0.596000
29.236000 2.540000
17.572001 8.580000
18.052000 9.340000
22.452000 1.516000
31.572001 -0.724000
24.700001 -3.644000
22.115999 -0.964000
19.667999 2.988000
24.020000 -4.508000
21.396000 2.748000
30.532000 -1.316000
20.724001 -1.044000
18.004000 -0.292000
31.676001 4.860000
30.851999 3.140000
23.556000 -2.644000
24.252001 4.988000
28.636000 10.172000
27.691999 0.892000
20.100000 4.988000
19.636000 5.036000
26.612000 -4.716000
31.068001 -4.012000
20.580000 -2.820000
32.515999 10.740000
32.627998 3.812000
20.812000 10.764000
31.747999 6.100000
21.388000 0.492000
27.420000 6.116000
25.108000 8.452000
26.372000 1.764000
18.316000 2.348000
30.875999 5.628000
24.011999 7.660000
25.188000 6.988000
31.436001 -2.684000
18.388000 -1.420000
17.596001 2.668000
28.236000 -3.204000
32.771999 7.420000
18.059999 0.492000
22.348000 1.516000
30.340000 1.908000
27.236000 8.620000
26.587999 0.508000
18.652000 1.460000
26.379999 2.548000
18.740000 5.660000
32.500000 0.604000
25.268000 2.892000
18.212000 3.652000
20.628000 -4.484000
30.299999 8.556000
21.316000 5.316000
24.892000 1.420000
27.180000 2.780000
31.691999 -1.324000
29.316000 0.124000
31.691999 -0.676000
25.403999 10.108000
31.427999 11.020000
26.851999 1.172000
31.507999 -1.828000
26.972000 5.004000
22.771999 -0.588000
23.980000 9.300000
31.548000 10.508000
20.195999 6.524000
19.412001 7.732000
24.124001 2.652000
23.452000 0.788000
18.139999 -2.844000
26.436001 -4.628000
21.820000 7.860000
27.420000 0.156000
26.156000 6.836000
29.764000 7.908000
26.580000 10.804000
25.604000 -3.084000
31.667999 6.564000
20.740000 -0.468000
28.556000 0.372000
29.260000 9.508000
33.035999 0.844000
17.532000 -2.220000
22.348000 6.644000
25.356001 5.924000
30.596001 -0.796000
18.068001 7.508000
18.180000 8.692000
25.851999 -1.052000
26.020000 10.212000
28.252001 8.988000
30.756001 8.732000
19.660000 8.964000
26.796000 -1.988000
19.308001 8.892000
21.812000 9.004000
26.844000 9.772000
20.507999 10.660000
28.452000 6.028000
22.011999 -1.252000
23.660000 9.708000
23.724001 9.980000
32.355999 -3.660000
30.483999 8.660000
21.340000 10.668000
25.836000 2.004000
31.620001 -1.636000
23.444000 4.388000
26.044001 -0.460000
19.308001 4.252000
30.507999 -2.572000
20.780001 6.676000
27.500000 8.548000
18.900000 5.732000
32.035999 9.772000
29.780001 2.308000
22.612000 3.444000
32.939999 9.588000
29.636000 5.148000
21.268000 9.972000
19.364000 7.180000
32.068001 -2.524000
27.652000 10.492000
27.299999 -3.900000
27.323999 -2.348000
29.740000 10.140000
23.052000 2.268000
22.452000 4.724000
31.132000 1.068000
28.260000 7.852000
24.164000 9.916000
19.587999 8.684000
29.403999 5.852000
20.667999 2.676000
22.563999 -3.300000
23.132000 -4.044000
17.724001 4.532000
23.476000 -3.500000
27.716000 10.332000
28.820000 8.108000
25.988001 -1.020000
24.868000 4.084000
23.308001 0.196000
23.964001 6.380000
28.436001 -4.348000
19.468000 4.300000
28.348000 7.548000
28.403999 -2.276000
24.908001 10.964000
27.372000 6.484000
29.412001 1.988000
33.076000 9.556000
18.332001 2.388000
30.340000 9.052000
17.924000 4.196000
25.924000 9.180000
18.788000 4.228000
23.900000 2.156000
30.412001 9.764000
20.164000 6.652000
25.740000 5.580000
22.011999 5.364000
27.268000 6.396000
24.444000 3.436000
32.900002 4.060000
28.724001 -0.500000
17.747999 0.996000
19.228001 10.412000
28.964001 7.532000
22.563999 -2.788000
27.548000 5.652000
26.243999 -2.820000
23.403999 7.148000
27.844000 -1.708000
33.060001 0.708000
18.188000 -3.868000
17.396000 -3.412000
25.740000 1.332000
25.132000 -0.188000
26.011999 5.076000
25.260000 2.140000
18.988001 11.092000
22.988001 4.012000
27.908001 1.372000
22.356001 3.956000
31.388000 4.844000
28.827999 4.948000
18.980000 -2.612000
24.452000 8.036000
29.164000 3.564000
19.996000 -4.476000
27.004000 0.036000
33.284000 8.540000
22.427999 3.148000
17.580000 8.204000
18.348000 9.116000
22.972000 7.460000
31.892000 9.148000
17.868000 3.116000
24.548000 -1.020000
25.212000 4.492000
22.548000 -1.796000
33.060001 1.004000
26.115999 6.132000
25.444000 9.228000
17.636000 -2.900000
19.572001 2.772000
20.988001 4.180000
24.691999 4.748000
28.148001 -3.996000
24.076000 6.732000
23.252001 -4.020000
27.356001 -1.444000
28.908001 10.188000
19.691999 2.332000
29.212000 2.668000
23.572001 7.756000
27.476000 -4.556000
32.243999 5.652000
31.844000 0.508000
19.323999 10.100000
19.020000 0.052000
27.452000 10.116000
22.972000 8.540000
19.156000 -2.252000
29.476000 9.660000
28.604000 2.748000
19.412001 -3.076000
19.299999 -1.316000
31.652000 0.044000
31.732000 2.076000
27.436001 6.612000
26.844000 0.772000
19.332001 9.260000
24.100000 -2.060000
20.100000 -3.068000
26.483999 8.236000
26.716000 10.348000
32.931999 -0.836000
30.884001 -2.476000
21.059999 -4.044000
29.052000 8.908000
28.820000 5.268000
27.604000 7.308000
23.827999 -1.892000
25.516001 3.724000
25.771999 -3.092000
20.492001 6.332000
33.035999 5.964000
22.804001 6.364000
30.708000 -3.060000
19.212000 -4.492000
19.236000 7.036000
27.747999 1.340000
21.243999 10.692000
20.388000 5.724000
21.372000 -1.804000
22.308001 4.204000
22.492001 6.764000
26.747999 -3.732000
23.059999 -3.508000
17.412001 -1.588000
31.212000 0.348000
23.180000 -2.380000
27.356001 4.380000
21.356001 7.468000
21.164000 -4.460000
25.596001 3.364000
28.084000 8.564000
28.243999 4.828000
26.492001 10.596000
26.572001 -2.476000
27.068001 -4.564000
23.500000 1.316000
28.996000 -1.812000
18.076000 2.244000
17.788000 8.924000
26.236000 1.228000
24.972000 -1.172000
19.372000 -3.412000
17.756001 5.780000
17.540001 -0.940000
20.636000 8.828000
31.804001 -0.964000
29.483999 -2.452000
20.452000 -1.676000
26.604000 1.636000
20.011999 10.572000
21.691999 2.244000
20.836000 7.132000
32.532001 10.404000
27.716000 10.652000
25.332001 -2.012000
26.108000 -0.692000
19.916000 -4.500000
32.812000 1.468000
20.860001 -2.412000
22.740000 3.116000
17.556000 7.516000
18.924000 -2.132000
21.780001 -2.900000
19.316000 7.524000
20.820000 -0.444000
25.684000 -4.820000
18.483999 -2.204000
29.732000 -2.684000
28.204000 3.692000
20.035999 9.132000
27.332001 -3.788000
31.412001 -2.164000
31.516001 2.316000
30.931999 4.332000
29.900000 10.668000
18.580000 3.052000
30.284000 4.236000
29.204000 0.668000
18.492001 -1.604000
31.900000 1.132000
18.507999 -2.020000
20.356001 -3.908000
24.972000 10.316000
31.587999 7.948000
18.636000 7.372000
31.771999 -4.532000
26.172001 8.452000
28.908001 4.356000
17.860001 8.364000
31.412001 6.964000
29.812000 10.988000
29.323999 -1.956000
28.756001 5.716000
25.035999 6.828000
27.732000 8.164000
19.636000 9.452000
19.500000 5.140000
28.500000 0.756000
29.884001 1.316000
18.572001 2.244000
32.099998 -1.244000
32.515999 10.780000
20.747999 9.052000
24.188000 0.788000
24.483999 -1.956000
23.868000 0.380000
23.620001 5.396000
23.540001 0.596000
19.532000 0.004000
28.788000 4.092000
20.724001 2.892000
31.372000 4.932000
28.964001 8.380000
21.172001 2.084000
27.931999 -3.908000
18.563999 2.660000
23.556000 -4.196000
22.587999 2.044000
27.275999 7.100000
24.996000 2.588000
29.868000 8.836000
22.403999 6.908000
17.436001 2.572000
26.420000 9.260000
27.916000 6.708000
32.355999 7.980000
26.084000 -1.764000
32.924000 3.524000
32.076000 0.316000
20.139999 8.012000
33.188000 7.404000
24.851999 -0.676000
29.164000 -0.540000
17.572001 -4.604000
26.156000 6.020000
22.540001 5.076000
26.492001 0.676000
17.964001 3.116000
19.204000 1.900000
32.436001 4.740000
23.980000 4.628000
29.260000 -0.996000
33.164001 -2.316000
31.356001 -2.036000
27.716000 6.820000
22.500000 -3.940000
30.164000 8.076000
24.964001 -4.444000
28.188000 -2.540000
23.444000 -0.580000
18.427999 6.100000
25.724001 4.884000
24.052000 7.564000
29.563999 5.628000
19.372000 2.860000
20.100000 10.876000
17.620001 7.740000
23.540001 -0.596000
18.667999 10.292000
23.403999 3.252000
21.788000 7.196000
19.332001 2.436000
17.964001 9.196000
21.996000 5.460000
28.900000 7.532000
18.332001 -2.852000
24.732000 -2.532000
17.740000 6.532000
24.396000 7.900000
23.044001 0.820000
23.195999 8.124000
23.980000 10.156000
31.740000 -2.364000
22.780001 5.156000
24.348000 0.756000
20.492001 1.788000
32.411999 -3.956000
22.156000 -3.516000
19.020000 6.396000
17.892000 -3.860000
27.732000 4.852000
17.667999 -4.460000
30.948000 -3.204000
26.323999 2.276000
18.875999 -3.860000
26.676001 -0.668000
20.524000 -1.556000
19.563999 6.116000
30.028000 10.652000
24.115999 -1.940000
23.924000 -4.692000
23.572001 -4.324000
25.100000 9.332000
29.172001 5.172000
27.292000 9.572000
17.892000 2.948000
31.180000 8.996000
32.228001 -4.740000
24.292000 7.988000
24.844000 1.620000
32.076000 8.244000
19.875999 1.340000
26.931999 -4.044000
19.684000 7.828000
19.612000 4.644000
23.396000 5.236000
18.228001 5.932000
19.219999 7.676000
31.228001 -1.332000
29.604000 9.036000
30.940001 7.812000
19.299999 -2.796000
24.236000 6.836000
30.228001 9.220000
30.292000 -1.652000
28.827999 7.260000
22.028000 11.004000
31.948000 -3.076000
26.020000 10.852000
19.804001 9.972000
20.115999 10.428000
20.388000 -3.572000
26.900000 6.180000
21.084000 3.108000
28.004000 2.916000
28.468000 -1.556000
25.884001 5.996000
18.132000 4.644000
22.955999 0.180000
28.540001 2.692000
21.684000 8.324000
27.548000 -4.588000
19.507999 7.828000
26.028000 -4.388000
17.476000 9.140000
28.180000 4.308000
21.851999 -0.284000
28.620001 0.548000
26.836000 6.212000
24.812000 4.268000
24.468000 8.652000
23.459999 2.900000
26.587999 7.932000
24.804001 0.660000
17.851999 3.652000
18.716000 -1.468000
25.740000 3.092000
27.667999 1.228000
25.948000 10.764000
29.316000 5.092000
27.091999 -3.732000
19.275999 2.428000
30.587999 -4.284000
25.444000 3.228000
20.820000 6.596000
30.228001 10.828000
19.667999 3.268000
32.540001 0.452000
18.868000 9.108000
32.299999 7.940000
25.724001 1.740000
32.700001 6.532000
31.476000 6.644000
29.908001 -1.212000
20.708000 2.308000
33.251999 2.060000
22.868000 7.244000
20.468000 6.492000
24.204000 8.060000
30.420000 9.876000
17.444000 2.300000
21.643999 1.700000
33.164001 2.700000
29.308001 2.124000
20.396000 5.532000
25.796000 8.308000
28.108000 -2.124000
28.228001 1.044000
17.700001 10.764000
23.996000 10.700000
27.132000 10.852000
23.732000 -0.804000
31.764000 1.876000
19.340000 -2.108000
26.604000 0.988000
30.716000 -3.692000
22.972000 9.932000
30.195999 4.860000
19.620001 5.260000
24.827999 -4.044000
28.812000 8.612000
26.812000 -0.956000
18.236000 0.324000
20.076000 2.364000
28.940001 -1.516000
21.875999 -4.092000
28.011999 4.396000
20.931999 4.108000
25.427999 9.252000
26.771999 0.780000
30.540001 -0.892000
20.875999 -4.564000
18.124001 -0.804000
22.156000 4.788000
31.788000 3.252000
31.316000 7.828000
18.868000 2.540000
18.444000 8.988000
30.596001 1.116000
23.724001 -2.588000
20.532000 -2.532000
30.851999 3.868000
31.931999 4.692000
22.236000 -3.636000
22.620001 -2.324000
26.396000 -4.308000
17.788000 -2.732000
21.299999 1.228000
17.827999 1.340000
28.500000 10.580000
31.676001 -2.180000
25.667999 -1.812000
22.820000 -3.172000
24.068001 4.580000
19.011999 9.908000
24.916000 5.820000
24.740000 9.124000
18.820000 -2.868000
26.788000 0.476000
27.596001 -4.324000
27.900000 -3.132000
30.580000 8.060000
28.836000 -2.420000
20.691999 7.172000
19.452000 -4.300000
17.964001 3.316000
19.892000 -2.428000
26.804001 -0.908000
26.660000 -4.596000
32.756001 5.700000
25.156000 0.308000
20.268000 0.404000
18.476000 -1.244000
21.228001 4.972000
17.468000 7.124000
31.323999 10.604000
23.908001 -2.796000
30.516001 9.524000
23.156000 5.708000
23.988001 5.164000
25.396000 -0.164000
31.396000 2.812000
18.356001 6.804000
26.620001 -2.444000
17.764000 -2.276000
25.516001 -1.436000
25.483999 5.172000
27.924000 2.388000
21.180000 11.060000
17.556000 1.748000
24.540001 -3.332000
20.724001 10.764000
27.851999 -1.356000
22.636000 10.780000
30.108000 -1.940000
17.604000 6.276000
20.604000 -1.540000
31.348000 -4.092000
24.516001 2.604000
28.292000 5.684000
28.948000 -3.076000
18.348000 3.164000
18.275999 0.532000
29.916000 5.868000
30.820000 2.676000
18.356001 5.796000
25.356001 9.108000
29.243999 7.156000
27.243999 -1.628000
25.212000 -3.820000
32.644001 7.828000
28.459999 8.884000
23.940001 -3.324000
28.604000 9.292000
32.939999 6.820000
24.243999 10.692000
26.732000 2.748000
22.212000 1.508000
18.500000 -1.724000
25.108000 9.004000
26.308001 -4.836000
32.139999 6.324000
30.044001 -0.220000
17.388000 11.084000
18.316000 -2.452000
29.636000 4.492000
22.476000 -2.076000
29.323999 2.836000
19.044001 6.852000
30.851999 -1.332000
27.740000 10.492000
24.180000 9.332000
18.396000 8.900000
33.012001 8.988000
29.827999 -3.180000
25.172001 -4.028000
20.115999 1.156000
25.516001 -2.820000
24.148001 1.748000
25.955999 -0.700000
25.667999 -3.436000
28.260000 3.444000
28.892000 7.356000
21.028000 7.076000
29.148001 3.604000
26.532000 -1.708000
17.308001 1.108000
26.916000 -3.852000
17.900000 2.996000
17.820000 -4.340000
26.940001 6.844000
32.636002 4.628000
23.379999 3.036000
27.931999 6.764000
30.364000 5.428000
24.156000 1.476000
18.820000 1.492000
19.540001 -2.076000
27.972000 -1.476000
27.059999 1.860000
33.164001 -4.500000
24.732000 -2.348000
27.459999 3.740000
26.444000 -1.628000
24.228001 -1.748000
17.323999 7.924000
29.620001 9.444000
18.747999 -1.500000
24.916000 -4.004000
25.804001 5.756000
27.252001 5.620000
27.268000 -2.948000
23.620001 7.212000
27.916000 3.172000
30.700001 10.100000
30.628000 -3.052000
20.931999 9.268000
17.636000 -2.468000
19.980000 5.156000
25.747999 0.476000
25.100000 10.436000
24.860001 4.404000
29.988001 10.724000
27.756001 5.348000
31.612000 5.564000
25.436001 2.892000
32.091999 6.524000
21.100000 9.676000
19.139999 -3.644000
31.260000 7.628000
22.035999 -0.572000
28.964001 9.804000
19.028000 6.492000
26.836000 3.764000
26.716000 2.076000
25.604000 -2.964000
29.156000 -4.172000
17.700001 2.444000
24.676001 4.284000
31.340000 5.060000
24.563999 -3.388000
33.132000 8.276000
21.812000 -3.180000
28.940001 6.356000
33.132000 -0.220000
31.788000 10.900000
25.052000 9.580000
29.747999 -3.204000
19.836000 6.988000
27.180000 5.028000
17.875999 -3.708000
28.900000 -1.060000
25.444000 6.276000
17.388000 4.732000
20.820000 4.572000
18.044001 5.876000
33.203999 -2.364000
33.091999 10.084000
29.964001 -3.380000
20.028000 9.316000
22.868000 -3.292000
24.403999 -4.876000
25.940001 3.276000
26.388000 6.180000
27.724001 -3.484000
17.740000 -2.740000
23.556000 -2.836000
30.676001 -0.220000
23.483999 -3.556000
28.188000 1.988000
26.812000 7.556000
29.452000 -1.332000
22.756001 10.124000
27.228001 6.028000
28.156000 0.452000
22.556000 0.892000
27.740000 7.156000
19.452000 7.348000
28.972000 -2.468000
26.820000 8.420000
25.708000 4.756000
23.396000 3.724000
23.924000 9.180000
19.444000 5.932000
28.860001 0.788000
23.700001 6.052000
20.708000 3.308000
22.596001 5.460000
26.348000 3.948000
18.260000 0.292000
19.884001 8.700000
31.156000 1.612000
19.620001 8.236000
20.299999 -2.804000
18.732000 -4.420000
19.700001 1.980000
29.275999 8.204000
21.732000 -2.500000
23.612000 6.548000
30.747999 10.332000
22.028000 -3.084000
22.955999 -2.412000
19.332001 -0.084000
32.612000 5.732000
27.532000 7.164000
28.148001 -3.620000
26.532000 -4.820000
33.124001 -0.388000
20.900000 5.924000
20.340000 6.196000
24.972000 10.924000
27.204000 3.396000
22.771999 8.252000
31.483999 7.564000
31.924000 1.796000
30.028000 -0.532000
24.643999 8.700000
29.556000 8.532000
23.691999 -3.868000
29.275999 -0.828000
23.724001 9.660000
19.988001 3.564000
21.563999 -4.140000
27.955999 -3.140000
31.804001 -4.516000
31.716000 11.028000
19.724001 2.372000
21.004000 -1.364000
29.604000 7.844000
19.851999 6.636000
21.195999 -2.940000
22.364000 -0.252000
18.652000 4.020000
28.084000 1.492000
20.804001 -0.004000
20.219999 -1.588000
26.820000 3.660000
31.020000 7.364000
19.476000 6.484000
24.955999 -4.140000
21.332001 -0.244000
19.076000 7.644000
25.292000 -4.188000
32.268002 9.412000
27.820000 -3.084000
20.940001 2.652000
32.804001 -3.828000
22.764000 -3.284000
32.251999 -1.108000
22.492001 9.364000
27.076000 0.212000
20.444000 1.996000
18.459999 -3.196000
28.212000 -1.404000
31.172001 9.116000
23.035999 -0.420000
21.035999 1.900000
27.587999 7.364000
33.228001 6.324000
21.068001 -1.668000
25.667999 10.924000
21.740000 -1.932000
30.364000 2.044000
23.691999 -0.228000
31.340000 -2.348000
27.628000 6.204000
31.468000 -3.244000
26.011999 7.052000
19.364000 9.796000
22.132000 0.380000
20.356001 -4.436000
23.700001 0.004000
20.747999 -2.932000
19.507999 3.468000
21.764000 4.324000
24.860001 -1.348000
32.428001 -0.364000
30.804001 -4.828000
25.452000 0.052000
20.948000 4.884000
19.684000 7.948000
18.243999 1.164000
22.587999 7.428000
17.884001 9.644000
17.860001 0.924000
23.195999 8.484000
26.459999 7.620000
28.572001 5.124000
32.259998 0.092000
18.652000 6.564000
26.316000 8.948000
21.268000 9.892000
21.124001 -0.820000
25.764000 2.588000
22.780001 5.964000
29.020000 -1.324000
25.628000 7.844000
29.596001 5.932000
20.452000 4.892000
29.444000 9.060000
19.044001 4.900000
21.483999 8.868000
32.812000 -0.492000
24.468000 7.972000
17.483999 -2.548000
32.324001 -4.012000
31.372000 4.324000
24.124001 3.436000
32.540001 9.412000
32.764000 5.556000
28.452000 10.116000
21.988001 1.124000
33.132000 0.636000
32.355999 10.620000
25.892000 -2.380000
33.099998 -0.540000
25.076000 -2.460000
32.612000 7.180000
18.980000 6.420000
20.780001 8.700000
17.724001 3.852000
24.468000 -4.644000
31.796000 -4.812000
30.348000 10.252000
25.771999 5.660000
26.372000 5.460000
27.868000 0.060000
25.396000 2.188000
31.268000 6.692000
22.268000 10.172000
26.548000 10.596000
27.028000 4.580000
20.348000 5.892000
22.020000 2.940000
26.028000 -1.772000
32.556000 7.308000
27.444000 1.876000
27.596001 -3.212000
21.011999 -2.420000
31.379999 2.548000
23.356001 -4.204000
24.091999 8.340000
27.900000 -1.796000
31.796000 2.924000
21.667999 -4.348000
24.908001 -2.276000
25.332001 7.876000
30.716000 2.172000
30.011999 8.700000
24.892000 6.780000
18.851999 -3.156000
31.115999 6.452000
20.868000 3.868000
24.219999 5.180000
22.236000 9.548000
20.563999 3.980000
20.732000 -3.988000
27.676001 9.436000
23.124001 6.148000
18.243999 -2.260000
26.444000 2.108000
19.340000 -0.068000
31.115999 6.316000
27.188000 0.052000
20.716000 4.988000
30.796000 8.252000
27.507999 -4.316000
26.628000 8.876000
32.820000 -1.292000
23.427999 2.468000
28.540001 -4.388000
19.388000 0.468000
27.228001 -1.708000
27.827999 10.996000
25.332001 -1.588000
21.292000 -4.092000
28.940001 8.940000
21.507999 2.268000
28.412001 1.796000
19.996000 7.924000
30.228001 3.164000
18.284000 8.076000
29.988001 4.820000
20.908001 2.164000
29.964001 10.204000
22.548000 1.012000
25.476000 -3.348000
18.620001 0.868000
28.356001 -1.204000
25.708000 1.500000
30.420000 1.244000
22.468000 5.044000
22.700001 1.732000
26.124001 5.340000
29.444000 4.820000
22.892000 10.076000
33.147999 5.068000
25.252001 9.204000
27.340000 4.260000
20.124001 -3.332000
25.732000 -3.388000
29.044001 1.780000
32.147999 7.180000
28.972000 2.820000
32.868000 -1.036000
22.676001 7.372000
18.403999 7.220000
18.500000 -0.828000
24.364000 9.212000
17.924000 -1.148000
17.892000 7.292000
26.812000 5.852000
29.684000 4.708000
23.180000 0.380000
29.740000 2.764000
30.020000 8.148000
29.275999 -3.932000
22.500000 0.084000
32.644001 7.148000
19.948000 7.772000
24.827999 -4.820000
31.219999 4.700000
31.108000 3.900000
29.892000 9.780000
20.396000 9.036000
30.764000 5.756000
24.219999 1.732000
29.804001 9.748000
26.275999 9.092000
26.492001 -4.252000
27.652000 3.276000
27.820000 4.020000
22.747999 4.644000
27.275999 1.244000
23.908001 4.340000
28.212000 4.628000
32.372002 -4.452000
24.323999 10.868000
18.436001 6.660000
27.420000 -0.140000
33.076000 10.212000
22.812000 4.740000
24.972000 10.188000
19.924000 6.980000
32.380001 0.412000
26.780001 -1.860000
31.836000 -2.788000
30.340000 4.236000
27.500000 8.196000
25.476000 2.316000
24.091999 4.908000
17.708000 -2.764000
23.059999 4.908000
21.964001 10.356000
27.004000 9.436000
28.108000 5.732000
22.740000 4.268000
17.827999 1.316000
18.316000 -1.668000
27.548000 6.508000
31.180000 0.124000
17.924000 3.348000
30.308001 -4.068000
28.596001 0.596000
25.580000 -2.884000
30.700001 7.932000
20.035999 -2.628000
27.492001 0.716000
17.724001 1.732000
18.228001 -1.196000
31.587999 -3.316000
19.931999 -2.692000
26.420000 -2.868000
29.540001 -4.756000
18.724001 6.340000
22.252001 3.740000
23.236000 6.484000
30.572001 3.492000
17.756001 3.916000
24.172001 7.668000
26.004000 5.956000
32.860001 -4.596000
18.788000 7.348000
21.540001 6.404000
29.796000 7.828000
26.884001 -0.396000
23.620001 5.540000
22.628000 5.628000
30.076000 6.084000
30.980000 -0.228000
19.580000 8.484000
28.587999 10.860000
23.796000 -0.836000
21.044001 3.412000
21.243999 2.724000
32.692001 -3.692000
17.972000 5.444000
17.444000 10.772000
25.316000 10.372000
28.827999 8.052000
31.716000 -2.852000
29.468000 8.436000
30.340000 1.756000
24.643999 8.316000
33.068001 -3.740000
25.035999 -4.340000
21.516001 -0.852000
31.243999 2.108000
19.507999 10.132000
24.379999 8.476000
31.115999 6.892000
22.052000 5.876000
28.756001 2.916000
26.340000 -2.924000
29.420000 -0.340000
26.940001 7.404000
28.483999 -1.564000
24.372000 -0.804000
22.747999 4.220000
23.219999 -4.692000
20.636000 -4.060000
25.740000 0.700000
25.372000 -1.028000
21.284000 8.012000
27.604000 6.948000
24.716000 3.404000
22.388000 1.404000
26.924000 -4.708000
22.468000 3.556000
33.051998 9.476000
30.636000 -0.364000
21.204000 8.076000
25.372000 2.964000
21.356001 6.956000
22.132000 4.076000
24.660000 -1.692000
29.124001 3.396000
20.924000 -0.164000
32.827999 5.004000
24.667999 7.572000
32.716000 4.916000
25.604000 -4.364000
26.916000 6.524000
32.091999 10.580000
23.820000 2.236000
24.572001 -3.588000
23.268000 8.244000
25.444000 -1.316000
27.820000 1.028000
25.468000 8.396000
21.492001 10.628000
22.059999 2.940000
22.420000 -3.444000
30.643999 -1.836000
21.548000 4.684000
24.236000 -1.220000
27.323999 4.748000
25.516001 -3.108000
31.268000 10.228000
30.924000 5.212000
32.683998 9.412000
28.268000 0.988000
24.388000 6.108000
18.747999 6.268000
31.412001 -2.668000
19.212000 4.276000
24.332001 1.116000
26.587999 -3.852000
19.252001 10.116000
17.851999 10.556000
32.563999 9.948000
30.804001 4.916000
20.892000 -1.180000
31.243999 0.268000
31.483999 -1.612000
22.500000 0.300000
20.004000 7.332000
27.164000 3.444000
22.931999 8.212000
20.643999 -4.420000
28.476000 10.844000
18.620001 -4.828000
30.652000 -1.236000
24.507999 -0.476000
19.172001 -2.284000
32.068001 5.732000
22.139999 -4.748000
21.044001 7.932000
20.996000 0.380000
22.788000 3.732000
26.860001 -1.092000
32.588001 0.236000
18.955999 0.404000
25.035999 10.436000
25.924000 -3.692000
30.100000 11.076000
26.299999 -0.084000
21.548000 6.476000
25.139999 -3.012000
28.660000 2.484000
32.667999 -1.140000
23.243999 0.964000
32.700001 2.620000
29.827999 -2.820000
18.195999 5.804000
25.180000 2.612000
29.612000 -1.572000
18.195999 2.676000
19.620001 10.516000
29.148001 8.692000
31.299999 10.884000
21.268000 3.644000
19.188000 3.044000
25.236000 2.388000
30.612000 3.284000
21.204000 -4.836000
27.764000 10.292000
28.780001 -1.988000
25.164000 0.332000
23.444000 -1.004000
31.924000 -2.996000
30.980000 0.972000
19.908001 5.684000
19.172001 -2.380000
20.516001 10.932000
19.379999 -1.164000
31.396000 -3.876000
27.916000 7.604000
32.020000 2.284000
22.348000 8.436000
29.091999 7.060000
22.436001 7.564000
27.139999 10.172000
23.796000 -3.956000
30.556000 2.076000
26.684000 6.972000
28.516001 5.068000
29.548000 -0.308000
17.483999 1.228000
29.476000 6.276000
26.556000 4.892000
28.348000 -3.156000
22.836000 6.692000
27.908001 0.004000
22.316000 -2.740000
19.379999 9.460000
20.180000 7.500000
24.820000 3.748000
31.596001 3.932000
26.740000 0.116000
22.044001 -3.812000
32.124001 10.052000
22.667999 2.412000
28.284000 -0.164000
21.660000 4.860000
24.827999 6.940000
23.868000 -3.364000
32.883999 6.972000
17.308001 5.268000
26.676001 1.524000
31.228001 6.268000
32.380001 5.092000
22.100000 -2.724000
23.412001 8.260000
32.444000 -0.564000
33.268002 6.964000
32.459999 0.356000
28.044001 -0.060000
19.100000 2.772000
21.804001 -3.852000
29.524000 -3.108000
27.964001 -4.020000
25.356001 0.780000
30.068001 9.716000
26.332001 -4.324000
19.172001 -4.348000
23.851999 10.812000
32.883999 5.556000
21.788000 7.356000
20.860001 -4.140000
29.172001 10.900000
32.660000 5.564000
32.964001 0.444000
22.260000 -2.788000
24.716000 9.060000
18.332001 10.932000
26.636000 4.300000
24.188000 3.884000
32.220001 8.372000
29.108000 -4.068000
32.683998 10.620000
19.236000 9.988000
25.483999 9.652000
24.228001 -1.388000
18.780001 8.844000
32.723999 9.884000
31.219999 6.036000
32.243999 -0.260000
27.724001 -1.332000
19.468000 -2.708000
17.612000 -3.324000
31.556000 -1.388000
29.596001 9.612000
30.172001 0.548000
19.667999 4.844000
25.948000 7.084000
32.051998 7.820000
18.180000 6.764000
31.900000 4.004000
24.084000 6.180000
22.724001 9.308000
20.892000 10.380000
17.948000 6.676000
32.372002 3.548000
21.124001 5.924000
23.628000 1.388000
27.724001 2.956000
29.580000 6.652000
20.076000 5.260000
32.956001 -1.140000
18.844000 4.284000
19.500000 7.884000
29.308001 8.532000
24.444000 10.428000
25.028000 -1.748000
19.356001 4.580000
31.299999 -0.988000
23.964001 -1.892000
31.108000 0.884000
31.156000 3.356000
26.292000 4.900000
22.444000 9.924000
20.700001 8.748000
30.532000 -0.108000
32.812000 7.620000
32.740002 -3.508000
25.764000 10.492000
26.652000 3.972000
20.284000 1.780000
26.884001 -0.364000
21.252001 -4.556000
27.620001 0.596000
30.771999 6.812000
18.172001 4.044000
20.908001 3.556000
26.796000 5.812000
28.980000 -1.716000
19.084000 10.452000
28.188000 -2.564000
29.900000 9.844000
26.676001 0.612000
20.076000 10.932000
28.299999 -4.780000
20.988001 -3.908000
18.468000 2.516000
31.284000 -1.172000
32.307999 10.516000
19.540001 -3.700000
31.643999 10.004000
18.427999 9.420000
28.572001 5.620000
20.243999 8.396000
23.044001 6.220000
18.740000 9.908000
26.195999 11.084000
28.924000 -4.116000
29.188000 -2.284000
32.636002 -0.044000
22.260000 -1.692000
30.219999 2.252000
23.740000 -2.476000
25.587999 3.284000
30.084000 9.028000
18.700001 -2.716000
27.124001 8.996000
26.972000 4.628000
30.556000 0.516000
20.364000 2.676000
27.379999 7.636000
20.115999 7.372000
29.988001 0.628000
18.388000 8.916000
22.900000 5.700000
22.532000 9.916000
20.972000 3.740000
22.219999 -2.580000
27.068001 -2.508000
18.532000 0.556000
30.851999 10.636000
20.020000 0.268000
32.340000 -0.220000
17.900000 3.684000
24.836000 9.284000
19.340000 -1.484000
