54.398804 2.450916
46.937546 2.501182
46.905392 2.417521
46.816677 2.103648
47.009583 2.533546
47.058277 2.475671
46.856461 2.411776
46.773350 2.170812
54.206337 2.547043
46.808552 2.459653
46.690178 2.228400
46.972870 2.575844
54.363407 2.391747
46.963181 2.453892
46.716805 2.190935
47.000275 2.363016
46.946049 2.467976
46.650501 2.217298
46.825462 2.172892
46.744617 2.276307
46.944427 2.511502
54.407955 2.422957
46.773350 2.170812
47.103764 2.508727
54.119267 2.483051
46.978920 2.438919
54.364071 2.471198
46.698856 2.249522
46.959293 2.523733
46.929401 2.539625
46.801872 2.139202
46.786194 2.112250
46.814575 2.462267
46.766037 2.339521
46.902596 2.457247
46.836483 2.151815
46.821033 2.233324
46.980606 2.580245
46.852806 2.167022
54.380363 2.403636
47.029125 2.385730
54.407787 2.414374
54.188091 2.527968
46.846363 2.128717
46.749294 2.219286
46.725628 2.236858
47.100964 2.522982
46.865700 2.184772
46.934143 2.534168
54.220116 2.526125
46.767277 2.263519
46.675171 2.232751
46.902508 2.506323
46.715557 2.236559
46.918987 2.437785
46.696377 2.239058
46.777233 2.222999
46.686405 2.211313
46.677879 2.253822
46.668434 2.183609
46.734425 2.172509
47.071995 2.441407
46.997787 2.485271
46.716831 2.246433
46.647617 2.190417
46.868130 2.552973
46.801579 2.192856
46.682339 2.161878
46.715691 2.183359
54.405071 2.406561
46.940041 2.499623
46.689178 2.228917
46.676033 2.184614
47.000275 2.363016
46.709858 2.241772
47.111912 2.494072
47.111912 2.494072
46.995388 2.352310
46.782658 2.158689
46.930099 2.458786
46.724571 2.195868
54.379131 2.422832
46.701431 2.251470
46.808552 2.459653
46.851635 2.469925
47.009583 2.533546
46.728828 2.245630
46.744072 2.260553
46.834839 2.131334
46.747623 2.244880
46.964794 2.427935
46.984966 2.555197
46.969044 2.515440
54.193821 2.569088
46.972202 2.558738
46.647617 2.190417
46.958805 2.532656
46.931332 2.504436
47.098507 2.468612
47.086170 2.481249
46.997116 2.431515
46.675175 2.163920
46.801579 2.192856
46.954906 2.480363
46.840046 2.116153
46.987103 2.494813
47.093494 2.480016
46.899986 2.622494
54.188091 2.527968
54.407787 2.414374
46.969044 2.515440
46.715691 2.183359
54.369057 2.382482
46.779999 2.423766
46.786476 2.143517
54.183128 2.568306
46.868130 2.552973
47.090126 2.475032
46.973892 2.504818
46.847748 2.174078
46.956112 2.443051
46.971706 2.413356
46.786701 2.366999
46.978130 2.468282
47.125069 2.456411
47.014088 2.415626
54.183128 2.568306
47.108501 2.476315
46.905392 2.417521
46.994629 2.427855
54.398804 2.450916
46.704300 2.241747
46.740528 2.257890
46.801579 2.192856
46.817616 2.196355
46.949104 2.486577
47.000633 2.380046
54.217194 2.539226
46.735249 2.440556
46.966152 2.478616
46.645950 2.218775
46.718758 2.256717
47.090683 2.465009
47.014088 2.415626
46.968086 2.435400
46.918697 2.523400
46.988483 2.433589
46.963539 2.484114
46.764519 2.217603
46.757889 2.204189
46.990131 2.492167
46.782803 2.382664
46.947433 2.533629
46.937759 2.458567
46.641376 2.230969
46.789871 2.147643
47.051842 2.498473
46.846577 2.419258
46.876968 2.161704
46.862053 2.214432
46.676075 2.222351
46.816242 2.159435
46.799137 2.149566
54.373623 2.453558
54.386879 2.404842
46.700344 2.249140
46.724552 2.243746
46.699551 2.243659
46.974754 2.488906
47.102558 2.508613
46.943539 2.461348
46.876968 2.161704
54.428699 2.478777
46.704315 2.221982
54.397987 2.445457
46.980064 2.462299
46.700344 2.249140
46.930954 2.480078
46.925331 2.534415
46.964550 2.546283
46.928047 2.472124
46.722664 2.216211
46.881641 2.459272
54.119267 2.483051
46.958221 2.477698
47.084969 2.461894
54.174416 2.506691
46.876968 2.161704
46.692299 2.241817
54.390743 2.467426
46.820953 2.164516
46.800167 2.135172
46.649097 2.216800
46.686310 2.162180
46.944908 2.494116
46.984032 2.495446
54.153221 2.494603
46.931332 2.504436
46.675415 2.230858
46.991470 2.567485
46.846363 2.128717
46.826847 2.113410
46.764519 2.217603
46.868130 2.552973
46.832138 2.151642
46.995388 2.352310
46.990429 2.537493
46.953751 2.509681
47.013973 2.457967
47.009346 2.444969
46.766106 2.402554
46.658028 2.192526
54.379055 2.392911
46.837582 2.435781
47.066734 2.458274
46.748371 2.426428
47.073151 2.479219
46.851963 2.152468
46.972130 2.490574
46.842781 2.155545
54.393139 2.442658
54.352966 2.378410
46.814949 2.453877
46.936272 2.457363
46.977512 2.440361
47.062202 2.489126
46.965694 2.494358
46.806511 2.421889
46.834618 2.148919
46.862053 2.214432
46.830547 2.151059
46.768661 2.224394
46.847748 2.174078
46.734940 2.168558
46.650501 2.217298
46.833134 2.171920
47.065887 2.511410
46.655338 2.203891
46.967236 2.454956
46.992443 2.540805
46.798347 2.424641
46.820953 2.164516
46.997787 2.485271
46.828854 2.165691
54.417507 2.441552
46.663368 2.183263
46.645950 2.218775
46.734486 2.423290
46.929401 2.539625
54.421803 2.476892
46.837101 2.159393
54.150539 2.489262
47.091812 2.468974
54.379055 2.392911
46.783348 2.152563
46.837265 2.111151
46.972923 2.458252
46.769051 2.161569
46.974167 2.456547
46.792316 2.141841
46.707577 2.244314
46.853138 2.181273
46.663342 2.308178
46.690742 2.196355
46.967510 2.390061
46.929401 2.539625
46.824429 2.199952
47.119499 2.516042
46.842781 2.155545
46.817791 2.446361
46.970936 2.409210
46.844757 2.169753
46.923557 2.478104
54.239044 2.551059
46.970196 2.515985
46.851288 2.159249
47.029125 2.385730
46.926220 2.527527
46.980865 2.428473
46.650856 2.220036
46.740528 2.257890
46.931438 2.455299
46.752651 2.237700
47.100964 2.522982
46.888092 2.423755
47.054012 2.435427
46.686420 2.224804
46.935276 2.429399
47.000275 2.363016
46.780804 2.127357
46.912865 2.518670
46.872887 2.443230
46.969997 2.446925
46.778465 2.130956
46.915375 2.512780
46.895573 2.442397
46.697754 2.254251
46.969387 2.438401
46.995953 2.500654
46.742870 2.273144
46.663368 2.183263
46.752651 2.237700
46.969387 2.438401
46.814575 2.462267
47.067139 2.454742
46.846134 2.507297
54.428699 2.478777
46.972366 2.426501
46.997116 2.431515
46.778259 2.162558
46.690742 2.196355
46.701431 2.251470
46.843044 2.129142
46.822037 2.139598
46.859825 2.153920
46.860565 2.163730
46.985428 2.532776
46.801579 2.192856
46.963181 2.453892
46.802490 2.177447
47.065887 2.511410
47.009346 2.444969
46.686420 2.224804
46.923557 2.478104
46.783348 2.152563
46.827991 2.166050
46.783928 2.130535
54.173801 2.553757
46.840218 2.128687
46.993774 2.396209
46.844135 2.161188
54.207642 2.539605
46.936283 2.531307
46.887825 2.426410
46.748371 2.426428
46.821053 2.129536
46.744099 2.120067
46.789474 2.188328
46.782043 2.433629
46.825462 2.172892
46.804298 2.164916
46.773350 2.170812
46.972507 2.514707
46.938343 2.511019
46.978130 2.468282
46.864361 2.165599
47.104603 2.482711
46.854168 2.171974
46.654034 2.218237
46.990429 2.537493
46.930099 2.458786
46.833939 2.134049
46.854626 2.455364
46.786701 2.366999
46.959293 2.523733
54.223732 2.552905
47.000275 2.363016
46.962555 2.527850
46.947815 2.521021
46.764519 2.217603
46.814949 2.453877
46.994202 2.478071
46.963539 2.484114
46.782658 2.158689
46.804401 2.192883
46.907681 2.425351
46.797192 2.149935
54.141304 2.485089
46.951401 2.546776
46.928047 2.472124
46.859825 2.153920
46.879936 2.421199
46.650501 2.217298
46.864361 2.165599
46.915897 2.419132
46.991177 2.506799
46.942902 2.541439
46.682426 2.232620
46.979115 2.461651
46.652031 2.196134
46.888092 2.423755
46.700344 2.249140
47.029125 2.385730
46.915337 2.627977
46.968342 2.552518
46.801579 2.192856
46.899075 2.465673
46.973892 2.504818
46.887669 2.419101
47.009346 2.444969
46.690742 2.196355
46.823200 2.164151
46.727470 2.142396
54.390701 2.450796
46.852623 2.443273
46.821274 2.123957
46.747047 2.111858
46.777779 2.361394
46.972507 2.514707
46.822632 2.114000
46.962555 2.527850
46.864361 2.165599
47.084984 2.470792
46.963692 2.423092
46.942902 2.541439
46.811268 2.107420
46.747047 2.111858
46.958221 2.477698
46.814949 2.453877
46.915337 2.627977
54.393139 2.442658
46.954838 2.421537
46.690151 2.240631
46.967510 2.390061
46.780777 2.152983
46.715286 2.250164
46.748371 2.426428
47.125069 2.456411
47.115650 2.547842
54.060963 2.594919
54.366478 2.465558
54.370449 2.438424
47.067139 2.454742
54.379055 2.392911
46.831890 2.157224
46.968342 2.552518
46.826847 2.113410
46.788437 2.162766
46.923973 2.468871
46.747623 2.244880
47.073540 2.497297
46.963539 2.484114
54.150539 2.489262
47.009583 2.533546
46.864361 2.165599
54.393139 2.442658
46.936272 2.457363
46.826847 2.113410
46.816242 2.159435
47.065887 2.511410
46.963692 2.423092
46.991177 2.506799
46.701431 2.251470
47.075840 2.445987
46.926193 2.448739
46.810345 2.140260
46.683525 2.260766
46.820736 2.124996
47.008575 2.402919
46.740528 2.257890
47.014088 2.415626
46.689178 2.228917
46.728027 2.213776
46.834618 2.148919
47.008286 2.415183
46.950672 2.516449
46.866932 2.176977
46.948433 2.532440
46.936283 2.531307
46.749805 2.276588
47.000275 2.363016
46.971706 2.413356
46.641376 2.230969
47.119499 2.516042
46.954655 2.438622
46.686310 2.162180
46.767380 2.251825
46.796028 2.383355
46.700001 2.235144
46.896095 2.496687
46.898960 2.427109
46.837200 2.147954
54.206337 2.547043
46.878819 2.425003
47.137028 2.535521
46.985237 2.576066
46.942032 2.496294
46.929401 2.539625
46.971722 2.471451
46.744099 2.120067
54.397987 2.445457
46.852425 2.457655
46.977547 2.514687
46.824429 2.199952
46.986671 2.438251
47.001610 2.436459
46.833633 2.142443
46.923557 2.478104
46.895573 2.442397
46.744099 2.120067
54.189262 2.545588
46.675079 2.239099
46.780224 2.154578
46.676033 2.184614
54.397987 2.445457
46.947433 2.533629
47.109100 2.480877
46.955914 2.411969
46.927635 2.503233
47.065887 2.511410
54.352966 2.378410
54.155602 2.479146
46.842278 2.169881
46.834618 2.148919
46.821556 2.451836
47.062168 2.456979
46.827942 2.125608
46.783348 2.152563
46.863773 2.459502
46.804871 2.116430
46.936928 2.472933
46.807693 2.115876
46.669983 2.158693
47.059284 2.428979
46.907681 2.425351
46.821110 2.136060
54.390701 2.450796
46.952240 2.537052
46.817791 2.446361
46.818081 2.444089
46.860565 2.163730
47.097443 2.470029
46.834721 2.186980
46.783527 2.375837
46.789799 2.126834
46.669983 2.158693
46.962399 2.517041
46.735550 2.436040
46.817616 2.196355
46.832138 2.151642
46.981823 2.457775
46.779999 2.423766
46.690594 2.255616
46.975334 2.438982
46.846363 2.128717
46.698521 2.247600
54.396267 2.406081
46.734425 2.172509
47.115650 2.547842
46.826576 2.154101
54.179813 2.524119
46.994404 2.582851
46.663342 2.308178
54.380363 2.403636
46.843044 2.129142
46.944305 2.447491
46.948502 2.527349
46.756264 2.171644
46.808552 2.459653
46.793465 2.114307
46.750072 2.219540
46.747047 2.111858
46.866989 2.510066
46.757889 2.204189
46.949104 2.486577
46.922134 2.429071
46.683331 2.255338
46.797192 2.149935
46.637913 2.296935
46.702560 2.215129
46.797192 2.149935
46.916527 2.423419
46.887669 2.419101
54.187740 2.572969
54.122017 2.535680
46.761276 2.152294
46.943539 2.461348
46.808552 2.459653
47.081715 2.455651
47.104382 2.459267
46.846577 2.419258
46.845291 2.408591
46.969711 2.439649
46.993977 2.451527
46.686337 2.231362
54.379131 2.422832
46.820736 2.124996
54.168678 2.567282
46.679646 2.239350
47.029125 2.385730
46.761276 2.152294
47.054012 2.435427
46.972561 2.533926
46.928047 2.472124
46.971275 2.420485
46.966801 2.487589
47.079781 2.494362
47.095295 2.493207
46.948433 2.532440
46.798496 2.108479
46.745193 2.138857
47.001610 2.436459
47.084984 2.470792
46.752651 2.237700
46.762569 2.245319
46.972038 2.533897
46.853741 2.169673
46.777233 2.222999
46.673088 2.225721
47.015610 2.446548
46.972038 2.533897
46.947464 2.552894
46.916965 2.433939
46.765549 2.222233
54.410179 2.420850
47.019390 2.442537
46.976009 2.461380
54.373623 2.453558
46.798496 2.108479
46.984970 2.467756
46.773029 2.361519
47.009346 2.444969
46.801903 2.123835
46.766518 2.210653
47.059284 2.428979
46.669071 2.303332
47.002220 2.457497
46.762070 2.138494
54.217194 2.539226
46.802490 2.177447
47.098076 2.450154
46.858761 2.134381
46.818081 2.444089
46.963722 2.506565
46.954906 2.480363
46.834946 2.113362
46.929401 2.539625
46.679646 2.239350
46.997211 2.489072
46.816910 2.092453
46.701431 2.251470
46.954166 2.497084
46.821033 2.233324
46.954838 2.421537
46.849865 2.175851
46.832993 2.099402
46.842781 2.155545
47.014088 2.415626
46.940258 2.537917
46.947815 2.521021
46.744099 2.120067
46.937584 2.581527
46.972507 2.514707
46.777260 2.218757
47.022839 2.386334
46.772999 2.434494
47.058277 2.475671
46.972870 2.575844
46.686420 2.224804
47.029125 2.385730
47.058277 2.475671
46.991638 2.536979
54.193821 2.569088
46.669983 2.158693
46.843666 2.169738
46.846363 2.128717
46.801525 2.109552
46.860077 2.545292
46.947433 2.533629
46.801525 2.109552
54.363407 2.391747
46.855267 2.161682
46.860565 2.163730
46.975334 2.438982
46.832195 2.406704
46.725025 2.267047
46.893444 2.427232
47.115650 2.547842
46.929401 2.539625
46.675171 2.232751
46.789185 2.152697
47.079781 2.494362
46.757214 2.161970
46.980606 2.580245
54.373600 2.443001
46.820736 2.124996
47.048897 2.474241
54.386879 2.404842
47.092838 2.535296
54.394871 2.440756
46.816242 2.159435
54.386879 2.404842
47.082165 2.497950
46.735550 2.436040
46.857075 2.487793
46.967510 2.390061
54.197632 2.587572
46.831448 2.150530
46.795216 2.451889
46.757214 2.161970
54.223866 2.570690
46.705505 2.198399
46.641376 2.230969
54.393139 2.442658
46.676033 2.184614
47.102886 2.461156
46.760868 2.283842
46.964794 2.427935
46.940258 2.537917
46.768661 2.224394
46.735249 2.440556
46.820736 2.124996
54.396267 2.406081
46.773350 2.170812
46.767380 2.251825
46.768661 2.224394
46.937759 2.458567
46.663368 2.183263
46.591324 2.268375
47.097603 2.499652
46.963181 2.453892
47.095139 2.481241
47.054829 2.456849
46.902565 2.407693
46.801579 2.192856
46.893444 2.427232
46.699886 2.246402
46.765549 2.222233
47.096394 2.500878
47.000477 2.416143
47.008286 2.415183
54.223732 2.552905
46.837574 2.179611
46.930099 2.458786
46.675171 2.232751
46.725628 2.236858
46.637913 2.296935
46.743351 2.252395
46.718758 2.256717
46.724571 2.195868
46.798557 2.195246
46.926220 2.527527
46.689472 2.211984
46.814949 2.453877
46.802490 2.177447
46.744099 2.120067
47.104275 2.480515
47.029125 2.385730
46.768661 2.224394
46.724571 2.195868
46.667145 2.205892
54.379131 2.422832
46.973782 2.417910
46.760868 2.283842
54.390701 2.450796
46.846577 2.419258
46.907681 2.425351
46.779999 2.423766
47.009583 2.533546
47.099216 2.492922
47.098595 2.475128
46.860455 2.400695
46.850368 2.184877
46.752651 2.237700
47.082890 2.476960
46.700001 2.235144
46.983276 2.515887
46.933300 2.531731
46.697754 2.254251
46.837906 2.158409
46.860455 2.400695
46.797192 2.149935
47.078678 2.519006
54.060963 2.594919
46.975334 2.438982
54.386879 2.404842
46.799179 2.444760
54.363407 2.391747
46.830547 2.151059
46.998215 2.436959
46.984966 2.555197
46.788437 2.162766
46.977547 2.514687
46.815262 2.119303
54.410179 2.420850
46.954147 2.412434
46.798347 2.424641
46.926838 2.449476
54.417507 2.441552
46.875061 2.417065
46.917511 2.423242
46.843735 2.131585
46.954998 2.483875
46.749615 2.236527
46.649097 2.216800
46.949577 2.414073
46.675171 2.232751
46.650501 2.217298
47.048897 2.474241
46.958305 2.463155
46.888092 2.423755
46.645950 2.218775
46.968342 2.552518
46.700344 2.249140
46.944305 2.447491
46.835865 2.143553
47.115650 2.547842
46.778259 2.162558
46.821026 2.167105
46.935642 2.444323
46.977512 2.440361
46.776814 2.164628
46.987896 2.425929
46.824429 2.199952
47.000275 2.363016
46.885666 2.413926
46.821110 2.136060
46.962555 2.527850
47.095295 2.493207
46.898960 2.427109
47.098076 2.450154
46.970936 2.409210
46.802490 2.177447
46.740528 2.257890
46.942257 2.421484
46.761276 2.152294
54.239044 2.551059
46.641376 2.230969
47.029125 2.385730
46.804401 2.192883
47.073540 2.497297
46.834721 2.186980
47.095913 2.480621
46.768661 2.224394
46.831448 2.150530
46.761940 2.137377
54.421803 2.476892
46.834438 2.132241
46.773350 2.170812
54.369057 2.382482
46.955940 2.446578
46.808552 2.459653
46.682339 2.161878
46.798347 2.424641
46.773350 2.170812
46.764519 2.217603
46.799137 2.149566
46.744099 2.120067
54.369057 2.382482
46.955940 2.446578
46.779999 2.423766
46.783928 2.130535
46.856461 2.411776
46.799137 2.149566
46.762733 2.132334
46.693874 2.220165
46.716805 2.190935
46.986645 2.414556
46.969387 2.438401
47.073540 2.497297
54.417507 2.441552
46.979141 2.420576
46.947433 2.533629
46.645950 2.218775
46.831448 2.150530
46.976322 2.497586
46.727470 2.142396
46.926838 2.449476
46.926838 2.449476
46.744099 2.120067
46.927502 2.436460
46.887669 2.419101
54.390701 2.450796
47.074902 2.458179
46.977512 2.440361
46.832672 2.111607
46.799137 2.149566
46.768661 2.224394
46.915897 2.419132
46.815987 2.438923
47.000275 2.363016
54.397987 2.445457
54.060963 2.594919
46.716587 2.247696
46.957466 2.514530
46.948433 2.532440
46.828987 2.402692
46.762238 2.330614
46.783348 2.152563
46.647617 2.190417
46.696739 2.236235
54.404797 2.471191
46.866989 2.510066
54.373623 2.453558
47.109066 2.477101
46.764519 2.217603
46.735550 2.436040
46.970196 2.515985
46.772331 2.418142
46.742599 2.221591
46.849464 2.115513
46.798912 2.133500
46.715557 2.236559
46.978130 2.468282
46.929401 2.539625
46.926838 2.449476
46.767277 2.263519
46.714569 2.268963
46.756264 2.171644
46.778465 2.130956
46.801579 2.192856
46.944427 2.511502
46.983379 2.498237
54.404797 2.471191
46.997528 2.414358
46.667145 2.205892
46.969948 2.489977
46.645950 2.218775
46.851635 2.469925
47.062981 2.444813
46.792316 2.141841
46.811279 2.123264
46.941738 2.527997
46.795853 2.116706
46.690742 2.196355
46.826820 2.393978
46.677879 2.253822
47.001610 2.436459
46.819546 2.121911
47.102886 2.461156
46.930099 2.458786
46.669983 2.158693
46.664219 2.219171
46.806419 2.434745
46.969711 2.439649
46.801579 2.192856
46.947433 2.533629
46.842278 2.169881
46.756893 2.423924
46.789799 2.126834
46.787121 2.279370
54.139332 2.503991
54.206337 2.547043
47.013973 2.457967
46.866989 2.510066
54.397987 2.445457
46.979774 2.426742
46.826847 2.113410
47.000275 2.363016
46.848267 2.163990
54.386879 2.404842
46.676075 2.222351
46.966576 2.555968
46.673649 2.144809
46.953159 2.480829
46.968342 2.552518
46.853691 2.134484
46.862053 2.214432
54.375744 2.389680
46.753094 2.243720
46.974167 2.456547
47.095913 2.480621
46.986645 2.414556
46.954166 2.497084
46.926838 2.449476
47.008575 2.402919
47.008286 2.415183
46.876968 2.161704
46.979774 2.426742
46.974167 2.456547
46.789845 2.186016
54.390701 2.450796
46.954166 2.497084
46.701702 2.244680
46.789799 2.126834
46.963024 2.501364
46.650856 2.220036
46.876968 2.161704
47.054012 2.435427
46.877438 2.162962
46.663368 2.183263
46.827942 2.125608
46.799137 2.149566
46.938343 2.511019
46.954906 2.480363
46.663342 2.308178
46.944427 2.511502
46.846577 2.419258
47.125069 2.456411
47.074879 2.450180
46.663368 2.183263
47.017464 2.409925
46.930099 2.458786
54.183128 2.568306
47.009346 2.444969
46.690151 2.240631
46.750072 2.219540
54.380363 2.403636
46.823864 2.156548
46.782803 2.382664
54.380363 2.403636
46.635921 2.266623
46.690594 2.255616
46.966484 2.560634
46.824429 2.199952
46.693874 2.220165
54.421803 2.476892
46.830547 2.151059
46.840481 2.407569
46.768661 2.224394
46.966484 2.560634
54.397987 2.445457
46.967510 2.390061
46.953720 2.564020
46.863216 2.413463
46.799179 2.444760
47.062168 2.456979
46.928047 2.472124
46.817791 2.446361
47.090683 2.465009
54.373600 2.443001
46.842781 2.155545
54.360565 2.418097
46.862053 2.214432
46.821053 2.129536
54.397987 2.445457
46.735550 2.436040
46.880394 2.488583
46.947433 2.533629
46.772411 2.143045
46.798557 2.195246
46.923973 2.468871
47.009346 2.444969
46.851963 2.152468
46.782803 2.382664
46.983742 2.408221
46.735550 2.436040
46.818081 2.444089
46.762569 2.245319
46.935604 2.486764
46.954166 2.497084
46.700344 2.249140
46.949104 2.486577
46.946461 2.493102
46.937546 2.501182
46.915375 2.512780
46.975334 2.438982
46.892544 2.415648
46.970936 2.409210
46.834267 2.163201
46.840046 2.116153
46.997211 2.489072
46.954304 2.525261
47.074879 2.450180
54.421803 2.476892
47.099216 2.492922
46.766315 2.255726
46.950718 2.529685
47.066734 2.458274
46.964832 2.448243
46.817616 2.196355
46.933689 2.524805
46.915375 2.512780
47.009583 2.533546
46.947433 2.533629
46.701431 2.251470
54.417507 2.441552
46.762733 2.132334
46.753094 2.243720
46.650501 2.217298
46.954998 2.483875
46.798496 2.108479
46.860565 2.163730
46.801579 2.192856
46.676075 2.222351
46.816242 2.159435
46.826847 2.113410
46.744617 2.276307
46.827942 2.125608
46.984970 2.467756
46.951225 2.510444
46.846363 2.128717
47.059284 2.428979
46.735249 2.440556
46.970196 2.515985
46.923805 2.425892
54.390701 2.450796
54.410179 2.420850
46.753094 2.243720
46.826847 2.113410
47.079781 2.494362
46.761276 2.152294
46.877438 2.162962
46.848267 2.163990
46.757214 2.161970
46.973892 2.504818
47.119499 2.516042
54.390701 2.450796
46.926025 2.509081
46.716587 2.247696
46.915337 2.627977
46.855209 2.176903
46.804298 2.164916
47.102886 2.461156
46.746986 2.256063
54.411758 2.468802
47.002007 2.343695
46.832138 2.151642
46.927502 2.436460
46.888092 2.423755
46.851635 2.469925
46.773350 2.170812
47.054829 2.456849
46.777233 2.222999
46.681721 2.212930
46.855209 2.176903
54.380363 2.403636
54.373600 2.443001
46.936272 2.457363
46.803280 2.463446
54.411758 2.468802
46.804298 2.164916
46.747047 2.111858
54.139332 2.503991
46.954998 2.483875
46.851288 2.159249
47.125069 2.456411
46.842781 2.155545
46.669983 2.158693
47.058277 2.475671
46.979774 2.426742
46.975880 2.515832
46.937759 2.458567
46.923805 2.425892
46.969997 2.446925
46.982349 2.449341
46.943394 2.476255
54.407955 2.422957
46.872887 2.443230
46.773350 2.170812
46.779881 2.381680
46.899075 2.465673
46.851002 2.410357
47.099216 2.492922
46.957466 2.514530
46.756893 2.423924
46.905071 2.409141
54.239044 2.551059
46.928143 2.572386
46.825462 2.172892
47.084007 2.465544
46.957626 2.488523
54.411758 2.468802
47.051842 2.498473
46.846363 2.128717
47.009346 2.444969
46.747623 2.244880
46.905720 2.455293
46.925922 2.438530
47.062168 2.456979
46.853741 2.169673
46.753094 2.243720
46.954998 2.483875
46.926838 2.449476
47.079781 2.494362
46.766430 2.272131
46.777260 2.218757
46.863457 2.413878
47.022839 2.386334
46.789623 2.139921
46.935604 2.486764
46.777779 2.361394
46.978920 2.438919
54.396267 2.406081
46.792259 2.122203
46.838593 2.144879
54.379131 2.422832
46.949577 2.414073
54.411758 2.468802
47.073151 2.479219
46.677212 2.253060
46.947433 2.533629
46.715286 2.250164
46.764519 2.217603
46.966484 2.560634
46.972923 2.458252
46.714569 2.268963
47.137028 2.535521
46.832138 2.151642
46.855267 2.161682
46.905720 2.455293
47.099216 2.492922
46.762733 2.132334
46.802341 2.378673
54.363407 2.391747
46.902565 2.407693
46.779999 2.423766
46.690151 2.240631
46.811279 2.123264
46.933495 2.440016
46.655338 2.203891
46.859825 2.153920
46.804298 2.164916
46.649097 2.216800
46.641376 2.230969
46.814949 2.453877
46.927082 2.464848
47.115650 2.547842
47.000275 2.363016
46.716587 2.247696
54.369057 2.382482
47.015919 2.483201
46.947433 2.533629
46.810345 2.140260
46.663368 2.183263
54.421803 2.476892
47.102886 2.461156
46.777233 2.222999
46.958305 2.463155
46.756893 2.423924
47.137028 2.535521
46.859825 2.153920
46.947815 2.521021
47.002529 2.436238
46.943539 2.461348
46.773350 2.170812
46.675079 2.239099
46.834114 2.122467
47.009583 2.533546
46.818405 2.127099
46.641376 2.230969
46.820953 2.164516
46.957626 2.488523
46.766518 2.210653
46.984966 2.555197
46.744072 2.260553
46.885666 2.413926
46.994404 2.582851
47.054012 2.435427
46.821461 2.118598
54.174007 2.508785
46.801579 2.192856
46.923973 2.468871
47.078190 2.466376
54.187740 2.572969
46.795250 2.435291
54.189262 2.545588
46.974754 2.488906
54.410179 2.420850
47.097443 2.470029
46.928143 2.572386
46.952240 2.537052
47.101933 2.509844
46.826576 2.154101
46.969387 2.438401
46.848267 2.163990
46.827942 2.125608
46.842781 2.155545
54.223732 2.552905
46.804871 2.116430
54.352966 2.378410
46.798557 2.195246
54.390701 2.450796
46.949104 2.486577
46.659069 2.232341
46.724552 2.243746
46.637913 2.296935
46.806438 2.464320
46.902565 2.407693
46.981678 2.440220
46.829529 2.164361
46.810345 2.140260
46.698914 2.240005
46.782803 2.382664
46.851963 2.152468
46.826576 2.154101
46.820736 2.124996
46.663368 2.183263
46.749805 2.276588
46.825462 2.172892
46.895573 2.442397
46.974754 2.488906
46.995953 2.500654
46.826576 2.154101
46.933495 2.440016
46.787121 2.279370
54.407955 2.422957
54.393139 2.442658
46.959293 2.523733
46.816910 2.092453
46.650501 2.217298
47.074902 2.458179
54.394871 2.440756
46.700001 2.235144
46.690594 2.255616
46.849865 2.175851
46.701431 2.251470
46.847431 2.505941
54.417507 2.441552
46.816242 2.159435
47.008286 2.415183
47.029961 2.468548
47.009583 2.533546
46.665600 2.218327
46.925922 2.438530
47.058277 2.475671
47.075619 2.433450
46.784924 2.268775
46.639919 2.194429
46.814949 2.453877
46.923805 2.425892
46.679646 2.239350
46.929401 2.539625
46.929401 2.539625
46.953159 2.480829
46.698914 2.240005
46.962517 2.501748
46.816158 2.134518
54.153221 2.494603
47.015919 2.483201
46.804871 2.116430
46.842781 2.155545
46.821274 2.123957
46.699551 2.243659
46.953167 2.581620
47.084969 2.461894
47.109066 2.477101
46.893444 2.427232
46.848267 2.163990
47.058277 2.475671
46.963181 2.453892
46.938343 2.511019
46.952240 2.537052
47.009583 2.533546
46.864361 2.165599
46.690742 2.196355
46.844238 2.167857
46.833134 2.171920
54.380363 2.403636
46.963181 2.453892
46.669983 2.158693
54.397987 2.445457
46.846363 2.128717
46.966484 2.560634
46.951225 2.510444
46.700001 2.235144
54.239044 2.551059
54.187740 2.572969
46.864361 2.165599
46.834438 2.132241
46.808552 2.459653
46.974754 2.488906
46.928047 2.472124
46.970936 2.409210
47.119499 2.516042
47.098076 2.450154
46.669983 2.158693
46.902565 2.407693
46.787121 2.279370
46.782658 2.158689
46.990131 2.492167
54.224434 2.503353
46.933689 2.524805
46.786797 2.285722
46.963181 2.453892
46.978130 2.468282
46.834839 2.131334
46.946049 2.467976
46.852543 2.113055
46.947815 2.521021
47.009583 2.533546
46.926838 2.449476
46.988483 2.433589
47.072388 2.461762
54.141304 2.485089
47.097443 2.470029
46.954998 2.483875
47.000069 2.480369
47.079781 2.494362
46.804298 2.164916
46.744099 2.120067
54.407955 2.422957
46.795216 2.451889
46.954906 2.480363
46.752651 2.237700
46.986645 2.414556
46.797192 2.149935
47.084007 2.465544
46.757214 2.161970
46.779881 2.381680
46.818081 2.444089
46.744617 2.276307
46.842152 2.139982
46.826847 2.113410
46.717613 2.101450
46.722664 2.216211
47.058277 2.475671
46.981377 2.460246
54.153221 2.494603
46.806419 2.434745
46.778259 2.162558
46.826576 2.154101
46.997116 2.431515
46.929401 2.539625
46.933495 2.440016
47.119499 2.516042
46.888092 2.423755
46.980606 2.580245
46.851280 2.180433
46.699551 2.243659
47.066734 2.458274
46.675171 2.232751
46.735550 2.436040
54.397987 2.445457
46.669983 2.158693
46.895573 2.442397
54.239044 2.551059
46.675079 2.239099
46.811279 2.123264
54.060963 2.594919
54.379131 2.422832
46.937546 2.501182
46.744072 2.260553
46.970936 2.409210
54.379131 2.422832
47.008286 2.415183
46.675079 2.239099
46.704834 2.244007
46.749615 2.236527
46.716805 2.190935
46.954655 2.438622
46.930954 2.480078
46.848267 2.163990
46.683331 2.255338
47.090683 2.465009
46.761276 2.152294
46.990131 2.492167
54.187740 2.572969
46.986645 2.414556
46.679646 2.239350
46.916527 2.423419
46.963539 2.484114
46.748371 2.426428
46.715557 2.236559
46.690742 2.196355
46.820736 2.124996
46.814949 2.453877
46.845291 2.408591
46.929401 2.539625
46.689178 2.228917
46.925922 2.438530
46.705505 2.198399
46.782658 2.158689
46.750072 2.219540
47.115650 2.547842
54.380363 2.403636
46.782406 2.414968
46.764519 2.217603
46.832138 2.151642
46.699886 2.246402
46.875061 2.417065
47.009583 2.533546
46.976009 2.461380
46.848267 2.163990
46.832138 2.151642
54.390701 2.450796
46.789871 2.147643
46.677185 2.235926
46.937584 2.581527
46.705505 2.198399
46.779999 2.423766
46.650501 2.217298
46.971275 2.420485
54.391525 2.402156
46.788437 2.162766
54.411758 2.468802
46.955940 2.446578
54.380363 2.403636
54.416714 2.470184
54.153221 2.494603
46.819546 2.121911
47.090683 2.465009
54.397987 2.445457
46.806438 2.464320
46.915337 2.627977
46.696228 2.232164
54.386879 2.404842
47.079781 2.494362
46.786701 2.366999
54.411758 2.468802
47.079781 2.494362
46.972507 2.514707
54.139332 2.503991
46.995953 2.500654
46.937759 2.458567
47.109066 2.477101
46.804298 2.164916
46.779999 2.423766
46.727470 2.142396
46.978130 2.468282
46.847431 2.505941
46.744617 2.276307
46.946461 2.493102
46.935642 2.444323
46.767277 2.263519
46.699886 2.246402
46.954998 2.483875
46.936272 2.457363
46.826576 2.154101
46.957626 2.488523
46.982025 2.537174
46.748371 2.426428
46.926838 2.449476
54.380363 2.403636
54.141304 2.485089
47.096626 2.515250
46.928143 2.572386
47.058277 2.475671
46.888092 2.423755
46.811024 2.085956
46.877438 2.162962
46.779999 2.423766
46.715691 2.183359
46.881641 2.459272
46.851288 2.159249
46.700344 2.249140
46.767277 2.263519
47.062981 2.444813
47.095913 2.480621
47.092838 2.535296
46.742870 2.273144
46.804401 2.192883
46.820736 2.124996
46.963181 2.453892
54.370449 2.438424
46.888092 2.423755
46.851635 2.469925
46.799137 2.149566
47.074879 2.450180
46.937759 2.458567
46.915375 2.512780
46.830547 2.151059
46.700344 2.249140
46.772038 2.459549
46.940041 2.499623
46.676075 2.222351
46.827942 2.125608
47.054829 2.456849
47.000275 2.363016
46.918697 2.523400
54.187740 2.572969
46.758656 2.169332
46.971706 2.413356
46.717613 2.101450
47.099216 2.492922
54.390701 2.450796
46.958805 2.532656
46.931332 2.504436
46.947815 2.521021
46.819546 2.121911
54.150539 2.489262
46.663368 2.183263
46.734486 2.423290
47.009583 2.533546
46.895573 2.442397
46.959293 2.523733
46.723610 2.212688
46.723610 2.212688
46.655338 2.203891
47.002007 2.343695
46.777233 2.222999
47.082165 2.497950
46.846481 2.147821
46.821274 2.123957
46.930099 2.458786
46.853138 2.181273
46.952740 2.588375
46.762733 2.132334
47.075840 2.445987
46.956112 2.443051
47.125610 2.521619
46.885666 2.413926
46.685070 2.238194
46.779881 2.381680
47.075619 2.433450
54.217194 2.539226
46.816242 2.159435
46.997116 2.431515
46.977512 2.440361
46.798557 2.195246
46.940258 2.537917
46.972870 2.575844
46.748371 2.426428
54.187740 2.572969
46.782658 2.158689
46.802490 2.177447
47.062981 2.444813
54.217194 2.539226
46.820736 2.124996
46.696228 2.232164
46.994404 2.582851
46.705505 2.198399
46.816242 2.159435
46.669983 2.158693
47.066734 2.458274
54.410179 2.420850
46.794636 2.109522
46.715286 2.250164
46.676075 2.222351
46.977417 2.453714
46.847431 2.505941
46.979774 2.426742
47.115650 2.547842
46.727470 2.142396
54.060963 2.594919
46.676075 2.222351
46.930283 2.456174
46.940041 2.499623
46.949577 2.414073
47.102558 2.508613
46.916527 2.423419
46.970936 2.409210
46.925922 2.438530
46.954906 2.480363
47.062981 2.444813
46.994404 2.582851
54.396267 2.406081
47.102886 2.461156
46.973782 2.417910
46.947815 2.521021
46.820736 2.124996
54.223732 2.552905
46.959293 2.523733
46.686405 2.211313
46.991638 2.536979
46.748371 2.426428
46.959820 2.387164
46.799137 2.149566
46.853741 2.169673
54.404797 2.471191
54.417507 2.441552
46.990429 2.537493
47.058277 2.475671
47.098076 2.450154
46.744617 2.276307
46.801491 2.119974
46.977512 2.440361
46.972366 2.426501
46.755211 2.335933
46.650501 2.217298
46.744099 2.120067
46.928143 2.572386
54.174416 2.506691
47.102886 2.461156
46.938343 2.511019
46.675079 2.239099
46.947433 2.533629
46.946461 2.493102
46.650501 2.217298
46.927082 2.464848
46.994404 2.582851
46.851963 2.152468
46.810345 2.140260
46.878819 2.425003
46.675079 2.239099
46.877438 2.162962
47.079781 2.494362
46.840046 2.116153
46.690742 2.196355
46.915337 2.627977
46.941494 2.531412
46.885666 2.413926
46.676075 2.222351
54.239044 2.551059
46.974754 2.488906
47.075619 2.433450
46.947815 2.521021
46.876968 2.161704
46.794636 2.109522
46.816242 2.159435
46.954166 2.497084
46.811268 2.107420
54.134071 2.501676
46.806438 2.464320
46.930099 2.458786
47.084007 2.465544
46.872887 2.443230
46.779999 2.423766
46.797192 2.149935
46.846134 2.507297
46.915375 2.512780
46.954998 2.483875
46.864361 2.165599
54.153221 2.494603
54.411758 2.468802
47.029125 2.385730
54.373623 2.453558
47.001610 2.436459
46.728828 2.245630
46.798557 2.195246
46.675079 2.239099
46.782658 2.158689
46.970936 2.409210
46.677879 2.253822
46.979774 2.426742
46.954906 2.480363
46.931332 2.504436
46.929401 2.539625
47.079781 2.494362
46.978130 2.468282
46.825462 2.172892
46.799179 2.444760
54.390701 2.450796
46.653446 2.198395
46.797192 2.149935
46.811279 2.123264
46.744072 2.260553
46.693874 2.220165
46.782803 2.382664
46.762569 2.245319
46.957626 2.488523
46.846363 2.128717
46.817791 2.446361
46.968342 2.552518
46.715691 2.183359
46.716805 2.190935
46.976021 2.550355
46.887669 2.419101
46.993774 2.396209
47.081642 2.442212
46.748371 2.426428
46.995953 2.500654
46.686420 2.224804
47.009583 2.533546
46.777233 2.222999
47.125610 2.521619
46.935642 2.444323
46.699551 2.243659
46.977512 2.440361
47.000275 2.363016
46.864105 2.154752
54.183128 2.568306
46.997211 2.489072
46.767380 2.251825
46.955940 2.446578
46.855267 2.161682
46.979141 2.420576
54.380363 2.403636
46.690178 2.228400
46.926838 2.449476
46.877438 2.162962
46.727470 2.142396
46.995953 2.500654
46.676075 2.222351
46.844757 2.169753
46.798347 2.424641
46.947815 2.521021
47.008286 2.415183
46.846363 2.128717
46.928047 2.472124
46.801579 2.192856
46.773350 2.170812
46.679646 2.239350
46.635921 2.266623
46.665390 2.226419
47.065887 2.511410
46.866989 2.510066
46.950676 2.485347
46.814949 2.453877
46.798347 2.424641
46.764519 2.217603
46.647617 2.190417
46.689472 2.211984
46.777233 2.222999
54.363407 2.391747
46.945953 2.509561
47.075840 2.445987
47.054012 2.435427
46.802341 2.378673
46.816242 2.159435
54.119267 2.483051
54.373623 2.453558
46.929401 2.539625
46.832138 2.151642
47.014088 2.415626
46.826313 2.203602
54.379055 2.392911
46.675079 2.239099
46.826847 2.113410
47.001610 2.436459
46.864361 2.165599
46.928143 2.572386
47.058277 2.475671
47.125069 2.456411
46.956112 2.443051
47.054012 2.435427
54.060963 2.594919
47.062168 2.456979
46.947815 2.521021
47.051842 2.498473
46.753094 2.243720
46.930099 2.458786
46.842781 2.155545
46.994629 2.427855
46.795216 2.451889
46.953167 2.581620
46.789799 2.126834
46.826847 2.113410
54.373623 2.453558
54.421803 2.476892
46.856461 2.411776
46.650501 2.217298
46.975880 2.515832
46.936272 2.457363
47.062202 2.489126
46.794636 2.109522
46.990429 2.537493
46.926838 2.449476
46.715691 2.183359
46.799137 2.149566
46.968342 2.552518
47.097282 2.456299
46.964794 2.427935
46.972507 2.514707
46.834438 2.132241
46.953751 2.509681
46.927082 2.464848
46.749805 2.276588
47.099216 2.492922
46.811268 2.107420
46.716805 2.190935
47.095913 2.480621
46.795216 2.451889
54.404797 2.471191
46.970196 2.515985
46.970196 2.515985
46.974754 2.488906
54.397987 2.445457
46.735550 2.436040
46.846363 2.128717
46.947433 2.533629
46.799137 2.149566
47.017464 2.409925
54.411758 2.468802
46.778259 2.162558
54.187740 2.572969
46.735550 2.436040
46.859825 2.153920
47.067139 2.454742
46.926025 2.509081
46.929401 2.539625
54.187740 2.572969
46.842781 2.155545
54.183128 2.568306
46.952240 2.537052
46.947815 2.521021
54.370449 2.438424
46.693874 2.220165
54.060524 2.596272
46.933495 2.440016
46.795250 2.435291
46.804871 2.116430
46.978130 2.468282
46.848267 2.163990
46.820736 2.124996
54.380363 2.403636
46.854168 2.171974
46.799137 2.149566
46.928143 2.572386
46.804298 2.164916
46.860565 2.163730
46.954998 2.483875
46.957626 2.488523
46.652031 2.196134
54.153221 2.494603
47.009583 2.533546
46.969387 2.438401
47.137028 2.535521
46.928143 2.572386
54.396267 2.406081
47.000275 2.363016
47.000275 2.363016
46.958805 2.532656
46.696228 2.232164
54.239044 2.551059
54.060963 2.594919
46.715557 2.236559
47.073540 2.497297
47.075840 2.445987
46.954998 2.483875
46.734940 2.168558
46.789799 2.126834
54.060963 2.594919
54.404797 2.471191
46.825462 2.172892
46.816677 2.103648
46.832993 2.099402
46.727470 2.142396
46.663368 2.183263
46.744072 2.260553
46.929401 2.539625
46.762569 2.245319
46.716587 2.247696
46.801579 2.192856
46.974167 2.456547
46.935642 2.444323
46.679646 2.239350
46.933495 2.440016
46.820736 2.124996
47.009583 2.533546
46.934143 2.534168
46.954998 2.483875
46.843735 2.131585
46.972507 2.514707
46.795216 2.451889
54.193821 2.569088
46.859825 2.153920
47.082165 2.497950
46.673649 2.144809
46.767380 2.251825
46.928143 2.572386
46.811024 2.085956
46.935604 2.486764
46.832138 2.151642
46.811268 2.107420
46.872887 2.443230
47.000275 2.363016
46.782803 2.382664
46.851963 2.152468
46.677879 2.253822
46.851288 2.159249
46.744099 2.120067
46.991638 2.536979
47.058277 2.475671
46.949104 2.486577
47.081642 2.442212
47.097603 2.499652
54.183128 2.568306
46.677185 2.235926
54.163826 2.512294
46.817791 2.446361
54.380363 2.403636
54.397987 2.445457
46.840046 2.116153
54.404797 2.471191
46.686405 2.211313
47.099216 2.492922
46.930099 2.458786
46.842781 2.155545
46.915337 2.627977
46.851288 2.159249
47.115650 2.547842
46.679646 2.239350
46.817616 2.196355
46.995953 2.500654
46.969997 2.446925
47.067139 2.454742
46.740528 2.257890
47.102886 2.461156
46.876968 2.161704
46.958221 2.477698
46.926025 2.509081
46.845291 2.408591
46.838593 2.144879
47.081642 2.442212
46.756874 2.141326
46.814949 2.453877
46.697754 2.254251
46.862053 2.214432
47.109066 2.477101
47.095139 2.481241
46.788437 2.162766
46.700344 2.249140
46.915897 2.419132
47.058277 2.475671
46.779999 2.423766
46.831448 2.150530
46.848267 2.163990
46.801903 2.123835
46.832138 2.151642
47.073540 2.497297
46.716805 2.190935
46.881641 2.459272
46.958805 2.532656
46.930954 2.480078
46.848267 2.163990
47.109100 2.480877
46.789799 2.126834
47.075619 2.433450
46.740528 2.257890
46.789799 2.126834
46.808552 2.459653
46.943539 2.461348
46.953167 2.581620
54.352966 2.378410
46.829529 2.164361
46.686405 2.211313
47.082165 2.497950
46.936230 2.539080
54.119267 2.483051
46.825462 2.172892
46.997211 2.489072
46.962399 2.517041
46.783348 2.152563
46.734940 2.168558
47.058277 2.475671
46.851288 2.159249
47.066734 2.458274
46.851963 2.152468
46.716805 2.190935
