47.254269 3.006133
54.505650 2.969377
54.546890 2.961563
47.287861 2.990804
54.524467 2.895795
47.102066 2.681082
54.580544 2.870249
47.232983 2.940914
54.487591 2.901635
47.120617 2.666774
47.098450 2.655198
54.579052 2.983160
54.536839 2.917986
54.486904 2.900917
54.507275 2.959836
47.046646 2.707340
54.578300 2.961201
54.369919 2.234077
54.534748 2.910642
47.190460 2.989164
47.070240 2.675168
54.487007 2.906829
54.434055 2.171773
54.508480 2.934039
47.011112 2.661096
54.486485 2.940332
54.504410 2.837643
54.519978 2.914742
54.561371 2.904973
47.170193 2.885442
54.516106 2.931625
47.065254 2.640381
54.447685 2.929634
54.546890 2.961563
47.010509 2.668258
54.488350 2.938436
54.425213 2.181412
47.289551 2.983814
54.532677 2.899244
54.476368 2.138559
54.510006 2.958556
54.528477 2.143414
47.262611 2.943485
47.259377 2.850966
47.254032 2.812552
54.580830 2.873564
54.485172 2.915019
54.393375 2.129123
54.487190 2.900983
54.535484 2.933215
46.972958 2.746356
54.476368 2.138559
54.491993 2.907773
54.507149 2.886221
47.233112 2.967499
54.474339 2.977941
47.289551 2.983814
54.593071 2.925277
54.434055 2.171773
54.549221 2.948501
46.964294 2.689874
54.461685 2.942270
54.461685 2.942270
54.369919 2.234077
54.597191 2.935487
54.495991 2.890967
47.221386 3.007139
46.996307 2.724875
54.526627 2.963048
47.111069 2.618629
47.101616 2.679476
54.544533 2.936470
54.534748 2.910642
54.470840 2.912881
47.171192 2.954011
47.080669 2.636664
54.538704 2.943147
54.507523 3.023339
54.509575 2.165338
47.171829 3.001658
54.423485 2.288128
46.997131 2.722953
47.243965 2.949038
47.110813 2.642915
54.522198 2.882778
54.536938 2.930925
54.485268 2.901247
47.170425 2.970819
54.483032 2.960829
54.522552 2.892946
54.519855 2.893011
54.523659 2.911046
47.084599 2.604494
54.484184 2.929505
54.527023 2.905408
47.215363 2.999349
54.515713 2.917993
54.441856 2.185543
54.524857 2.858209
54.528118 2.907001
54.471165 2.929222
54.540165 2.924181
54.577824 2.970077
54.590275 2.930703
47.161026 2.847771
47.084599 2.604494
54.519516 2.849416
54.486000 2.173985
54.536839 2.917986
47.115089 2.643565
54.525211 2.894058
54.399170 2.165158
54.486904 2.900917
47.171192 2.954011
54.550945 2.973400
54.540318 2.933660
54.379959 2.192036
47.190460 2.989164
47.037949 2.663293
54.456841 2.223672
54.495281 2.861556
54.544533 2.936470
47.034775 2.710469
54.556576 2.961326
54.489277 2.911914
54.474915 2.913649
47.074322 2.916570
54.490902 2.935590
54.497253 2.953821
47.224274 3.039575
54.461685 2.942270
54.538616 2.947836
54.459106 2.937010
54.454182 2.904948
47.238186 2.987824
54.620590 2.917565
54.451122 2.938170
54.529469 2.905682
54.365395 2.225773
47.221680 3.019895
54.532665 2.863339
54.460220 2.948422
47.262611 2.943485
54.476871 2.142959
47.171284 2.899304
47.222095 2.934427
54.476871 2.142959
54.538113 2.918553
47.276302 2.821141
47.122894 2.923074
47.003609 2.710938
47.120617 2.666774
47.046646 2.707340
54.451241 2.894659
54.573074 2.836554
47.155437 2.933624
47.285416 3.001119
54.510006 2.958556
47.171284 2.899304
47.152069 2.908397
54.452377 2.991942
54.534748 2.910642
46.980743 2.656502
47.110504 2.628582
54.529350 2.905814
54.506039 2.134694
54.471001 2.946267
54.525654 2.886319
47.235058 2.956294
54.486904 2.900917
54.527786 2.901551
47.024101 2.817160
47.088261 2.620775
54.532986 2.957359
47.218445 3.004419
54.530441 2.927166
47.193031 2.994150
47.218361 2.996556
54.580200 2.861674
54.506908 2.923849
47.229305 3.038143
54.544533 2.936470
47.176205 2.957660
54.568329 2.968361
47.229893 2.970838
54.541954 2.953405
54.517124 2.878575
54.519852 2.895528
54.481110 2.888052
54.586735 2.904210
47.155460 2.929833
54.461716 2.925329
54.464241 2.909768
54.539692 2.929143
54.515179 2.954612
54.508408 2.934565
47.132069 2.952163
54.532944 2.917012
54.528393 2.908606
47.070240 2.675168
54.618366 2.938415
47.009998 2.721232
54.526516 2.899706
54.555801 2.904545
54.487007 2.906829
54.482655 2.950763
54.506004 2.915042
54.468292 2.959103
54.618366 2.938415
47.111069 2.618629
47.221207 3.012218
54.496201 2.151331
54.517242 2.915822
54.623329 2.937288
46.990807 2.693052
47.232983 2.940914
54.444683 2.132445
54.529469 2.905682
47.005981 2.710779
47.205029 2.978851
47.093128 2.643545
54.504650 2.872349
54.533699 2.941883
54.537857 2.877809
54.567326 2.969060
54.615376 2.943819
54.577175 2.936464
54.510975 2.925014
47.215157 2.879853
54.525257 2.970091
47.111069 2.618629
54.530678 2.940153
54.534748 2.910642
54.391373 2.131370
54.359467 2.220945
54.506908 2.923849
47.132069 2.952163
47.222076 2.895625
54.481785 2.921622
54.529140 2.927602
54.459469 2.971125
47.171284 2.899304
54.460052 2.174147
47.167110 3.041741
47.238186 2.987824
54.571392 2.952272
47.086170 2.624073
54.480724 2.933802
54.568844 2.934943
47.269024 2.952720
47.114414 2.625496
54.536938 2.930925
47.190460 2.989164
54.511669 2.917499
54.430027 2.995963
47.165119 2.947674
47.269024 2.952720
47.171284 2.899304
47.007465 2.645367
47.289482 2.996676
54.526627 2.963048
54.493439 2.122276
54.489372 2.218760
54.615376 2.943819
54.504894 2.912098
54.489372 2.218760
54.525475 2.886094
47.227245 2.924725
54.495667 2.856852
54.565567 2.935064
54.492390 2.153473
54.517979 2.943109
54.577175 2.936464
47.150799 2.908644
54.587524 2.913441
54.508366 2.886651
54.551521 2.962754
54.469482 2.927808
54.543861 2.918916
54.499508 2.936111
54.570511 2.949100
54.573563 2.836482
54.506908 2.923849
54.474445 2.975099
54.511292 2.935736
54.532501 2.937257
54.589165 2.911299
54.515915 2.875871
54.442135 2.873254
54.434246 2.992268
54.588371 2.900961
54.581505 2.887242
54.532986 2.957359
47.098827 2.659266
54.419292 2.107077
54.539242 2.903312
54.523018 2.925185
47.114994 2.635921
54.504906 2.927827
54.465836 2.971550
54.522552 2.950885
54.544533 2.936470
47.011189 2.664762
54.535484 2.933215
54.471695 2.908381
54.520786 2.887579
46.961765 2.733171
54.532677 2.899244
54.580849 2.867287
47.122894 2.923074
54.539307 2.838792
47.225368 2.920606
54.619190 2.969965
54.615376 2.943819
54.476818 2.904850
54.428448 2.202753
54.538113 2.918553
54.494202 2.944676
54.482655 2.950763
54.522552 2.892946
47.233112 2.967499
47.085438 2.619786
47.097973 2.595927
54.451740 2.924838
54.582516 2.859813
54.526871 2.900268
54.478336 2.940811
54.477436 2.911525
47.224979 2.911416
54.546879 2.941743
54.523991 2.902642
54.558769 2.915365
54.514603 2.936316
54.524467 2.895795
54.580849 2.867287
47.186428 2.919351
54.458866 2.916017
46.995537 2.717177
54.524918 2.900262
47.085438 2.619786
54.395405 2.127041
47.190971 2.940344
54.471527 2.937324
54.514603 2.936316
54.507488 2.891717
54.430283 2.187228
54.474915 2.913649
47.150799 2.908644
54.510536 2.925866
54.471275 2.928519
47.111069 2.618629
54.524700 2.899630
47.193333 2.991859
54.504894 2.912098
47.186958 2.949300
46.945415 2.708297
54.451931 2.925265
54.513573 2.921459
54.528786 2.865797
54.504410 2.837643
54.580544 2.870249
54.478241 2.952830
54.493313 2.928776
54.523380 2.903861
54.544903 2.936508
54.495926 2.893560
54.500210 2.908168
54.522198 2.882778
54.616768 2.945414
54.589077 2.914799
54.537857 2.877809
54.468746 2.964058
47.178371 2.969734
47.083580 2.713518
54.577175 2.936464
54.511120 2.966764
54.577007 2.854755
47.226044 2.926522
54.538593 2.861518
54.461361 2.917593
54.524834 2.932122
46.971115 2.746041
54.391148 2.164287
54.482655 2.950763
54.546890 2.961563
47.085438 2.619786
54.521461 2.951133
54.456444 2.910465
54.429329 2.987817
47.081055 2.657533
47.085438 2.619786
47.250771 2.963284
54.537651 2.959843
54.546879 2.941743
54.593567 2.931912
47.093365 2.589827
54.539307 2.838792
47.011189 2.664762
54.530678 2.940153
54.523712 2.896203
47.150799 2.908644
54.515713 2.917993
54.476368 2.138559
47.172970 3.069081
54.368809 2.227897
47.006519 2.699577
54.462265 2.908061
54.559284 2.972612
47.258339 2.898247
54.456841 2.112368
54.453369 2.976811
54.561592 2.945197
54.504906 2.927827
54.509117 2.951754
54.523777 2.964403
54.538624 2.943480
54.584274 2.888474
54.508518 2.933030
47.074322 2.916570
54.548969 2.892715
54.580200 2.861674
54.430027 2.995963
54.413639 2.167720
46.983227 2.652154
54.390198 2.244736
54.483963 3.004216
54.476257 2.931640
47.193333 2.991859
47.254032 2.812552
47.286648 2.952334
54.393482 2.161302
54.451897 2.985087
54.582516 2.859813
47.234623 2.939496
47.191616 2.981887
54.507523 3.023339
54.548969 2.892715
54.522198 2.882778
54.456821 2.210465
54.528740 2.930096
54.529091 2.897242
54.530079 2.927578
47.186958 2.949300
54.507149 2.886221
54.523659 2.911046
54.497246 2.225918
54.514240 2.936798
54.579247 2.859113
54.477905 2.888932
54.530567 2.928119
54.528770 2.868003
54.494415 2.952503
47.007465 2.645367
47.193031 2.994150
46.997475 2.706066
47.084599 2.604494
54.511292 2.935736
54.506004 2.915042
54.512646 2.942773
47.093365 2.589827
54.401329 2.181162
47.176205 2.957660
54.538624 2.943480
47.066151 2.643836
54.531181 2.932199
54.399418 2.138270
54.504978 2.957675
54.476818 2.904850
54.508755 2.957776
47.114994 2.635921
54.507523 3.023339
54.555943 2.925081
47.101616 2.679476
47.227245 2.924725
54.545898 2.892016
54.462803 2.894795
54.505932 2.929779
54.519516 2.849416
54.486904 2.900917
54.447685 2.929634
54.462265 2.908061
54.528477 2.143414
47.258327 2.897648
54.525024 2.918128
54.510212 2.853522
54.538593 2.861518
54.476818 2.904850
54.580830 2.873564
54.540642 2.932456
54.631687 2.935933
54.460220 2.948422
54.459469 2.971125
54.553097 2.986625
54.524700 2.899630
47.268497 2.814701
54.621128 2.931092
54.430027 2.995963
54.589077 2.914799
54.532986 2.957359
54.560741 2.889944
47.065128 2.644134
47.109531 2.608597
54.486732 2.954497
54.486000 2.173985
54.555943 2.925081
54.559978 2.898874
54.537651 2.959843
54.526245 2.966012
54.383224 2.150568
54.561413 2.917848
46.983227 2.652154
54.589165 2.911299
54.477833 2.993632
54.569897 2.893390
54.482655 2.950763
54.544289 2.880857
54.494579 2.904227
54.367641 2.112629
54.471695 2.908381
54.615376 2.943819
54.372967 2.231709
47.087547 2.661249
54.525215 2.956790
47.218445 3.004419
54.580544 2.870249
54.518425 2.876042
54.516106 2.931625
54.561413 2.917848
54.383224 2.150568
47.070240 2.675168
46.997574 2.685772
46.945415 2.708297
54.588371 2.900961
54.522930 2.906217
54.565567 2.935064
54.500210 2.908168
54.534748 2.910642
47.216442 2.969496
47.269024 2.952720
47.177124 2.916888
54.573563 2.836482
54.369919 2.234077
54.519852 2.895528
54.529140 2.927602
47.037018 2.683087
54.514240 2.936798
54.492523 2.969929
54.453457 2.977217
54.520908 2.851212
54.534206 2.942799
54.483963 3.004216
54.522552 2.892946
47.225368 2.920606
54.550991 2.934474
54.444389 2.959509
47.214123 2.993252
47.161026 2.847771
47.132069 2.952163
54.525654 2.886319
54.520325 2.884312
54.506126 2.942222
54.577824 2.970077
47.146839 2.894911
47.110199 2.632694
54.429329 2.987817
54.531425 2.901935
54.531227 2.214257
54.462265 2.908061
54.544533 2.936470
54.544491 2.938133
46.998978 2.705731
47.152069 2.908397
54.514603 2.936316
54.552395 2.911963
54.524258 2.859761
47.070137 2.675115
54.561413 2.917848
54.571392 2.952272
54.512810 2.897618
47.218445 3.004419
47.066151 2.643836
47.289551 2.983814
54.526627 2.963048
54.534344 2.894820
54.430027 2.995963
54.587524 2.913441
54.495136 2.906775
54.492107 2.929954
54.521461 2.951133
54.487591 2.901635
54.553097 2.986625
54.461685 2.942270
54.580364 2.866902
46.997131 2.722953
54.545898 2.892016
54.526012 2.858880
54.539513 2.859209
54.630985 2.967088
54.561222 2.920792
54.523609 2.898876
54.471001 2.946267
54.561371 2.904973
54.525379 2.914652
47.231667 2.948171
54.578068 2.966566
54.526245 2.966012
54.468472 2.224942
54.542622 2.913886
47.221386 3.007139
54.454651 2.934106
54.526966 2.964777
47.115891 2.638390
47.088261 2.620775
54.369919 2.234077
54.523609 2.898876
54.482655 2.950763
54.530079 2.927578
54.490246 2.912629
54.508518 2.933030
54.490902 2.935590
47.221996 3.011613
54.528740 2.930096
54.526245 2.966012
54.451122 2.938170
54.486000 2.173985
54.543652 2.869599
54.616768 2.945414
54.547829 2.971143
54.519222 2.952059
47.073299 2.626511
47.236618 2.979496
54.536839 2.917986
47.191616 2.981887
54.537857 2.877809
47.262611 2.943485
54.522274 2.864353
54.519516 2.849416
47.009998 2.721232
47.186428 2.919351
47.289551 2.983814
47.110504 2.628582
47.236618 2.979496
47.101616 2.679476
47.046646 2.707340
54.519314 2.847341
54.430027 2.995963
54.430027 2.995963
54.509796 2.959650
47.232983 2.940914
54.518883 2.943242
54.471695 2.908381
47.170193 2.885442
47.010509 2.668258
54.477592 2.944466
54.523991 2.902642
54.522198 2.882778
54.559978 2.898874
54.422997 2.100092
47.017956 2.681592
54.519604 2.906007
47.262611 2.943485
54.438427 2.195085
54.494579 2.904227
54.453667 2.210018
54.447685 2.929634
54.476368 2.138559
54.496117 2.946697
46.983227 2.652154
54.519314 2.847341
54.511059 2.841568
47.079758 2.655299
47.187374 2.916834
54.427288 2.997614
47.084599 2.604494
54.504978 2.957675
54.535484 2.933215
54.507053 2.949598
54.521461 2.951133
54.485172 2.915019
54.526096 2.928103
47.285416 3.001119
54.580200 2.861674
47.239914 2.938683
54.522552 2.892946
54.526516 2.899706
54.438427 2.195085
54.600834 2.958910
54.538593 2.861518
47.155437 2.933624
54.540318 2.933660
47.101616 2.679476
54.527023 2.905408
47.052643 2.916153
47.190460 2.989164
54.537651 2.959843
54.419315 2.158307
47.227596 3.039080
54.528351 2.871839
47.218445 3.004419
54.519855 2.893011
54.485172 2.915019
47.250771 2.963284
54.512543 2.923654
54.565567 2.935064
46.997055 2.615461
54.507149 2.886221
46.983227 2.652154
54.588371 2.900961
47.114952 2.649915
54.466007 2.917695
54.393482 2.161302
54.580200 2.861674
54.513775 2.941395
47.040222 2.706308
54.477833 2.993632
47.217590 2.998622
47.016144 2.683961
54.544491 2.938133
54.425213 2.181412
54.537106 2.916581
47.040222 2.706308
46.996986 2.624383
54.525215 2.956790
47.074665 2.910699
54.511871 2.957753
54.444145 2.955152
54.524391 2.887464
47.167110 3.041741
47.231667 2.948171
54.534206 2.942799
54.512314 2.933888
46.967529 2.711231
47.084599 2.604494
54.451740 2.924838
54.618023 2.939559
54.525372 2.917867
54.545490 2.936377
54.569595 2.947575
47.221207 3.012218
54.508408 2.934565
54.515713 2.917993
46.964294 2.689874
54.490902 2.935590
54.616768 2.945414
46.990807 2.693052
54.520786 2.887579
54.579247 2.859113
54.546890 2.961563
54.485447 2.902185
54.442268 2.965951
54.505650 2.969377
47.111069 2.618629
54.568844 2.934943
54.494415 2.952503
54.496117 2.946697
47.231667 2.948171
54.446564 2.896857
54.537273 2.934571
47.009998 2.721232
54.439659 3.005436
54.600941 2.912325
54.555943 2.925081
54.495205 2.920297
47.043781 2.903123
54.486000 2.173985
54.560741 2.889944
54.504906 2.927827
47.033813 2.676363
54.390198 2.244736
54.616768 2.945414
47.237587 2.835229
54.516106 2.931625
54.523659 2.911046
54.394791 2.125194
54.474846 2.230010
54.513775 2.941395
47.093365 2.589827
54.560741 2.889944
54.451122 2.938170
47.254032 2.812552
47.064613 2.640269
54.544533 2.936470
54.456135 2.910646
47.037949 2.663293
54.546890 2.961563
54.483032 2.960829
47.217590 2.998622
54.519146 2.885520
47.226620 2.943132
54.519516 2.849416
54.526627 2.963048
54.439804 2.948785
54.561413 2.917848
54.497730 2.874185
54.529396 2.920586
54.485172 2.915019
54.493439 2.122276
47.111069 2.618629
54.513756 2.933780
54.460476 2.935745
54.480541 2.886360
46.951035 2.726609
47.192703 2.988492
54.559349 2.918669
54.602310 2.964339
54.531181 2.932199
54.616768 2.945414
47.111069 2.618629
54.489002 2.936370
47.115891 2.638390
54.469482 2.927808
54.587524 2.913441
54.530441 2.927166
47.210369 2.945603
47.011189 2.664762
47.115089 2.643565
54.538593 2.861518
47.098827 2.659266
54.495827 2.154843
54.527023 2.905408
54.476368 2.138559
47.237587 2.835229
54.495205 2.920297
54.507111 2.934679
54.524719 2.882514
54.480259 2.898107
54.526516 2.899706
46.951035 2.726609
54.367641 2.112629
54.369919 2.234077
47.214123 2.993252
54.557167 2.909547
54.549221 2.948501
54.536839 2.917986
46.985516 2.659771
54.568050 2.947723
54.519775 2.908018
47.073254 2.625469
54.511189 2.942166
54.581505 2.887242
54.528351 2.871839
54.539635 2.952990
54.561413 2.917848
47.289551 2.983814
54.483963 3.004216
47.046646 2.707340
54.515999 2.965752
54.524258 2.859761
54.530567 2.928119
47.084599 2.604494
54.496201 2.151331
47.084599 2.604494
54.568050 2.947723
54.427288 2.997614
54.620590 2.917565
54.523659 2.911046
54.505890 2.914547
54.460220 2.948422
54.446564 2.896857
47.043781 2.903123
54.439804 2.948785
54.488640 2.906765
54.546890 2.961563
54.459400 2.933724
54.483963 3.004216
54.531181 2.932199
54.462265 2.908061
54.477436 2.911525
54.419315 2.158307
54.505573 2.193223
54.372612 2.117968
54.619190 2.969965
47.037018 2.683087
54.515713 2.917993
54.511669 2.917499
47.221207 3.012218
54.531708 2.950101
47.110504 2.628582
54.516571 2.941671
54.561413 2.917848
54.546879 2.941743
47.046646 2.707340
47.132069 2.952163
54.528393 2.908606
54.514076 2.941530
54.590084 2.915346
46.980743 2.656502
54.496117 2.946697
54.525654 2.886319
54.517979 2.943109
47.222095 2.934427
54.419315 2.158307
47.040222 2.706308
54.399342 2.140157
54.568844 2.934943
54.567368 2.935520
47.046646 2.707340
54.545135 2.934774
47.016144 2.683961
47.265778 2.846733
47.016144 2.683961
54.559349 2.918669
54.491268 2.921462
54.530079 2.927578
47.231667 2.948171
54.581505 2.887242
47.227245 2.924725
54.537857 2.877809
54.396763 2.276493
47.073254 2.625469
54.619190 2.969965
54.561413 2.917848
54.498318 2.933231
54.544533 2.936470
54.537106 2.916581
46.997055 2.615461
54.526012 2.858880
54.369919 2.234077
54.567169 2.938247
47.239914 2.938683
54.537727 2.920358
54.480175 2.881556
54.446564 2.896857
54.546879 2.941743
54.512810 2.897618
54.480221 2.944843
54.501804 2.914757
54.519314 2.847341
47.289181 3.009893
47.132069 2.952163
54.419315 2.158307
46.997406 2.730954
54.620590 2.917565
54.568844 2.934943
54.580849 2.867287
54.511059 2.841568
54.537106 2.916581
54.491470 2.172657
54.525215 2.956790
47.240341 2.845698
54.521461 2.951133
54.503269 2.945740
47.190975 2.939423
54.530724 2.909484
54.528393 2.908606
47.103935 2.675365
54.487007 2.906829
54.595734 2.935248
46.996292 2.681035
54.495205 2.920297
54.468472 2.224942
54.529140 2.927602
54.526096 2.928103
54.550991 2.934474
47.146839 2.894911
54.558769 2.915365
47.262611 2.943485
47.240341 2.845698
54.556934 2.967190
54.532677 2.899244
47.085438 2.619786
54.580200 2.861674
54.534847 2.937572
54.619190 2.969965
54.561413 2.917848
54.519855 2.893011
47.044315 2.687541
54.514240 2.936798
54.589165 2.911299
54.451740 2.924838
54.512314 2.933888
47.093128 2.643545
47.086727 2.684109
54.517979 2.943109
46.971115 2.746041
47.102409 2.562918
54.564198 2.930933
54.538704 2.943147
54.501263 2.937657
54.529091 2.897242
54.508480 2.934039
54.561436 2.973101
54.540318 2.933660
54.499516 2.911227
54.505890 2.914547
54.427288 2.997614
54.577175 2.936464
54.438305 2.189136
54.529396 2.920586
54.523991 2.902642
47.132069 2.952163
54.529694 2.859851
47.005981 2.710779
54.476368 2.138559
54.530823 2.891688
54.527393 2.871798
54.517979 2.943109
54.528400 2.869971
47.005287 2.707810
47.115089 2.643565
47.218445 3.004419
47.190975 2.939423
46.996986 2.624383
54.493095 2.919840
46.979549 2.731741
54.519878 2.841731
54.480221 2.944843
54.474915 2.913649
54.517979 2.943109
54.512543 2.923654
54.462265 2.908061
47.083942 2.671918
54.511292 2.935736
54.480724 2.933802
54.526245 2.966012
54.476368 2.138559
47.070118 2.657179
54.577175 2.936464
54.399342 2.140157
54.477833 2.993632
54.495354 2.919094
46.983227 2.652154
46.983227 2.652154
47.088261 2.620775
47.289551 2.983814
54.557571 2.971128
54.422997 2.100092
47.289551 2.983814
47.227699 2.938197
54.526424 2.976960
54.546890 2.961563
47.066151 2.643836
47.170193 2.885442
54.514603 2.936316
54.446564 2.896857
47.219025 2.897009
47.177124 2.916888
47.037018 2.683087
54.580544 2.870249
54.516617 2.944757
54.568844 2.934943
47.161026 2.847771
47.011776 2.669278
54.528351 2.871839
47.235058 2.956294
47.234680 3.062753
54.451984 2.973825
47.002285 2.696990
47.289482 2.996676
54.549221 2.948501
54.568329 2.968361
54.510536 2.925866
54.530079 2.927578
54.507496 2.896707
54.523659 2.911046
54.590084 2.915346
47.186428 2.919351
47.074665 2.910699
54.551487 2.857091
54.526012 2.858880
54.483963 3.004216
54.516106 2.931625
54.429329 2.987817
54.504978 2.957675
54.442135 2.873254
54.461685 2.942270
47.227245 2.924725
54.495205 2.920297
54.515903 2.864907
47.073299 2.626511
54.487923 2.904905
54.526245 2.966012
54.515999 2.965752
54.447685 2.929634
54.494499 2.149215
54.471695 2.908381
54.401287 2.133865
54.481705 2.168408
54.502979 2.914206
54.512543 2.923654
47.217876 3.024833
54.511669 2.917499
54.508755 2.957776
54.559284 2.972612
54.444389 2.959509
54.483032 2.960829
54.499516 2.911227
54.555943 2.925081
54.533657 2.877395
47.114952 2.649915
47.171829 3.001658
47.254032 2.812552
47.233112 2.967499
47.101616 2.679476
54.514706 2.908709
47.262611 2.943485
54.567368 2.935520
54.616768 2.945414
54.479065 2.993191
54.589077 2.914799
54.476368 2.138559
47.146839 2.894911
54.445084 2.123800
54.526245 2.966012
54.526245 2.966012
54.513775 2.941395
54.513775 2.941395
54.487236 2.917677
54.523991 2.902642
54.553097 2.986625
47.132069 2.952163
47.046646 2.707340
54.471519 2.936685
47.066151 2.643836
54.430027 2.995963
54.512314 2.933888
54.476368 2.138559
54.580544 2.870249
54.459106 2.937010
46.971115 2.746041
54.461685 2.942270
47.083580 2.713518
54.526245 2.966012
54.580200 2.861674
54.545898 2.892016
54.515179 2.954612
54.507053 2.949598
54.513573 2.921459
47.218445 3.004419
47.020203 2.692629
54.516106 2.931625
54.391373 2.131370
47.066151 2.643836
54.619190 2.969965
54.528351 2.871839
54.506908 2.923849
54.485268 2.901247
54.545898 2.892016
54.537106 2.916581
47.079758 2.655299
54.531181 2.932199
54.422997 2.100092
54.526516 2.899706
47.229893 2.970838
54.381413 2.149646
54.567368 2.935520
47.229893 2.970838
54.534344 2.894820
47.232983 2.940914
54.494202 2.944676
46.983227 2.652154
54.567368 2.935520
54.544533 2.936470
47.192703 2.988492
54.535484 2.933215
47.224274 3.039575
54.527393 2.871798
54.555801 2.904545
54.460220 2.948422
47.013634 2.730325
54.516106 2.931625
54.531601 2.946125
46.990807 2.693052
54.523659 2.911046
47.070118 2.657179
54.506908 2.923849
54.580200 2.861674
54.442135 2.873254
47.146839 2.894911
54.539307 2.838792
47.240341 2.845698
54.593376 2.927320
54.515179 2.954612
47.004982 2.697864
54.512810 2.897618
54.580200 2.861674
54.554909 2.958544
47.231667 2.948171
47.070137 2.675115
54.544903 2.937228
47.007465 2.645367
47.171284 2.899304
47.289551 2.983814
54.504410 2.837643
47.186428 2.919351
47.234623 2.939496
54.553097 2.986625
54.476368 2.138559
54.490932 2.965572
47.171284 2.899304
47.226620 2.943132
54.524258 2.859761
54.525204 2.894048
54.543652 2.869599
54.469482 2.927808
54.474339 2.977941
54.531181 2.932199
54.519131 2.913574
54.510536 2.925866
54.526245 2.966012
54.504906 2.927827
54.533466 2.919603
54.521820 2.960646
47.227596 3.039080
54.540318 2.933660
46.975048 2.708790
54.484135 2.949311
54.519131 2.913574
54.557571 2.971128
54.499046 2.959112
54.514240 2.936798
54.496201 2.151331
47.092602 2.690839
54.495857 2.880457
47.098686 2.586712
54.509796 2.959650
54.533466 2.919603
54.569595 2.947575
54.522552 2.892946
54.430027 2.995963
54.485268 2.901247
54.508755 2.957776
47.171284 2.899304
47.218445 3.004419
54.387745 2.123091
54.391373 2.131370
47.007465 2.645367
54.544903 2.937228
54.444389 2.959509
54.497288 2.927820
47.190971 2.940344
54.538593 2.861518
54.507275 2.959836
54.538658 2.907050
54.549221 2.948501
47.215157 2.879853
54.580200 2.861674
47.172970 3.069081
54.453457 2.977217
47.073254 2.625469
54.546497 2.943835
54.529873 2.904731
54.418785 2.161695
54.367641 2.112629
54.517979 2.943109
54.602310 2.964339
54.422997 2.100092
54.507053 2.949598
54.580364 2.866902
54.577175 2.936464
54.504894 2.912098
54.526627 2.963048
47.084599 2.604494
54.561222 2.920792
54.491268 2.921462
54.427288 2.997614
54.536839 2.917986
54.491268 2.921462
47.231667 2.948171
47.065212 2.647890
54.516617 2.944757
47.190460 2.989164
47.066151 2.643836
54.546890 2.961563
47.072765 2.637004
54.586735 2.904210
54.512810 2.897618
54.561413 2.917848
47.007172 2.657472
47.214123 2.993252
54.501804 2.914757
54.580544 2.870249
54.522552 2.892946
47.084599 2.604494
54.619190 2.969965
54.527023 2.905408
54.482655 2.950763
47.171284 2.899304
47.193680 2.992524
54.485172 2.915019
54.482655 2.950763
47.210510 2.979131
54.507523 3.023339
54.494499 2.149215
47.167110 3.041741
47.132069 2.952163
54.555801 2.904545
54.422688 2.921919
54.492176 2.905034
54.456444 2.910465
54.543861 2.918916
54.532677 2.899244
47.101616 2.679476
54.521461 2.951133
46.996986 2.624383
47.190975 2.939423
54.514603 2.936316
54.482655 2.950763
47.176205 2.957660
54.517979 2.943109
54.508175 2.910453
54.517155 2.936051
46.971489 2.749203
54.591202 2.908720
54.494980 2.946476
54.558002 2.961599
47.217590 2.998622
54.469482 2.927808
47.070137 2.675115
54.512543 2.923654
54.537651 2.959843
47.235058 2.956294
54.456841 2.112368
54.514603 2.936316
47.010509 2.668258
54.531181 2.932199
47.040222 2.706308
54.471695 2.908381
54.578300 2.961201
54.565567 2.935064
47.101616 2.679476
54.532505 2.939893
54.514240 2.936798
54.471695 2.908381
54.561413 2.917848
54.537651 2.959843
47.289551 2.983814
54.494202 2.944676
54.511292 2.935736
54.531601 2.946125
54.482655 2.950763
54.528393 2.908606
54.615376 2.943819
54.507496 2.896707
54.495781 2.919291
54.520985 2.931412
54.460220 2.948422
54.506126 2.942222
54.447685 2.929634
54.480175 2.881556
54.526245 2.966012
47.193333 2.991859
46.980743 2.656502
54.511871 2.957753
47.052643 2.916153
54.425503 2.166799
54.418785 2.161695
54.422028 2.982376
47.088261 2.620775
54.515179 2.954612
54.416328 2.193510
47.016144 2.683961
54.490246 2.912629
47.192703 2.988492
47.083580 2.713518
54.461685 2.942270
47.227802 2.926044
54.522198 2.882778
54.523659 2.911046
54.510006 2.958556
54.504894 2.912098
54.514603 2.936316
54.543339 2.920565
47.173946 2.936918
54.528786 2.865797
54.571392 2.952272
54.455711 2.969680
54.588371 2.900961
54.559349 2.918669
54.515179 2.954612
46.990807 2.693052
47.038055 2.941007
47.011776 2.669278
54.540836 2.924884
54.430027 2.995963
54.529350 2.905814
54.453369 2.976811
47.086727 2.684109
54.419315 2.158307
47.037949 2.663293
54.546879 2.941743
54.537651 2.959843
54.615376 2.943819
54.507053 2.949598
54.572163 2.943958
54.561413 2.917848
54.491268 2.921462
54.507053 2.949598
54.497101 2.897336
54.425503 2.166799
54.568050 2.947723
47.171829 3.001658
54.517853 2.976475
54.496201 2.151331
54.545135 2.934774
47.098686 2.586712
54.476818 2.904850
47.190975 2.939423
54.573074 2.836554
54.561222 2.920792
47.285416 3.001119
54.589165 2.911299
54.442135 2.873254
54.460220 2.948422
54.519604 2.906007
46.996986 2.624383
54.537651 2.959843
54.429329 2.987817
54.546890 2.961563
54.480991 2.946630
54.476818 2.904850
54.550850 2.980133
47.289181 3.009893
54.485172 2.915019
54.513145 2.959509
54.618023 2.939559
47.006519 2.699577
54.618023 2.939559
47.190460 2.989164
54.528740 2.930096
54.546890 2.961563
54.545490 2.936377
47.016144 2.683961
54.544903 2.936508
54.526096 2.928103
47.133923 2.981644
54.493095 2.919840
47.285416 3.001119
54.534344 2.894820
54.534344 2.894820
54.586735 2.904210
54.477833 2.993632
47.171192 2.954011
54.506004 2.915042
54.576611 2.937099
54.553532 2.960618
54.504906 2.927827
54.510975 2.925014
54.526245 2.966012
54.536839 2.917986
47.193333 2.991859
54.465427 2.908036
54.600941 2.912325
54.446564 2.896857
54.416328 2.193510
47.215157 2.879853
47.288349 2.984715
47.111069 2.618629
47.155437 2.933624
54.515903 2.864907
54.544533 2.936470
54.482655 2.950763
54.529694 2.859851
47.161201 3.117129
54.534748 2.910642
46.971115 2.746041
54.506908 2.923849
47.192703 2.988492
54.511059 2.841568
54.519222 2.952059
47.179092 2.959539
54.400349 2.165421
46.985516 2.659771
54.602310 2.964339
54.398281 2.130415
54.468746 2.964058
54.494415 2.952503
54.527786 2.901551
54.525379 2.914652
54.525520 2.921293
47.235058 2.956294
47.020203 2.692629
54.456821 2.210465
54.561222 2.920792
47.240341 2.845698
54.509117 2.951754
54.525520 2.921293
47.111069 2.618629
54.481785 2.921622
54.519775 2.908018
54.543865 2.870543
54.487007 2.906829
54.536839 2.917986
54.561371 2.904973
47.040222 2.706308
54.546890 2.961563
54.567368 2.935520
54.523659 2.911046
54.545898 2.892016
54.619190 2.969965
54.497246 2.225918
47.221996 3.011613
54.580589 2.860770
54.490902 2.935590
54.530079 2.927578
54.526627 2.963048
47.235058 2.956294
54.525654 2.886319
54.579247 2.859113
54.486000 2.173985
47.040222 2.706308
47.073254 2.625469
54.519997 2.211992
47.051376 2.898370
54.486732 2.954497
47.289181 3.009893
54.514675 2.914348
47.070118 2.657179
54.555801 2.904545
54.526627 2.963048
54.487923 2.904905
54.507053 2.949598
47.111069 2.618629
54.526241 2.866758
54.619190 2.969965
54.532108 2.919746
47.155460 2.929833
54.480991 2.946630
46.997055 2.615461
54.537857 2.877809
47.043732 2.857778
47.100571 2.623756
54.477833 2.993632
54.527023 2.905408
54.398281 2.130415
54.367641 2.112629
47.002285 2.696990
54.453743 2.901032
54.516106 2.931625
54.508480 2.934039
54.456841 2.112368
54.506126 2.942222
54.496201 2.151331
54.506908 2.923849
54.520985 2.931412
54.580200 2.861674
54.461685 2.942270
54.509117 2.951754
47.115891 2.638390
47.111069 2.618629
54.569595 2.947575
54.442135 2.873254
47.289551 2.983814
54.430027 2.995963
54.515713 2.917993
54.589165 2.911299
54.550945 2.973400
54.509796 2.959650
47.070137 2.675115
54.546890 2.961563
54.398281 2.130415
47.102409 2.562918
54.506126 2.942222
54.477833 2.993632
54.534344 2.894820
47.224274 3.039575
47.066151 2.643836
54.476818 2.904850
47.011189 2.664762
54.481110 2.888052
47.193333 2.991859
54.514938 2.865301
47.051376 2.898370
47.043732 2.857778
47.009998 2.721232
54.547173 2.945437
47.070137 2.675115
54.480175 2.881556
47.150799 2.908644
54.534344 2.894820
54.578300 2.961201
54.568050 2.947723
54.486732 2.954497
54.523659 2.911046
54.509796 2.959650
54.510006 2.958556
54.523659 2.911046
54.485268 2.901247
47.007465 2.645367
54.528786 2.865797
54.483032 2.960829
47.231667 2.948171
54.372967 2.231709
54.619190 2.969965
54.416328 2.193510
54.484444 2.894779
47.070137 2.675115
54.553097 2.986625
54.507618 2.920828
54.517979 2.943109
54.456841 2.112368
47.190460 2.989164
54.517979 2.943109
47.081055 2.657533
54.513775 2.941395
47.098827 2.659266
47.289551 2.983814
47.084599 2.604494
54.525654 2.886319
47.289551 2.983814
54.577824 2.970077
54.525379 2.914652
47.285416 3.001119
54.478508 2.880725
47.170193 2.885442
54.589165 2.911299
54.545898 2.892016
54.512543 2.923654
54.438427 2.195085
54.477436 2.911525
54.616768 2.945414
54.582516 2.859813
54.481785 2.921622
47.233112 2.967499
54.567169 2.938247
54.456135 2.910646
54.416328 2.193510
54.460220 2.948422
47.190460 2.989164
47.269024 2.952720
54.588371 2.900961
47.083580 2.713518
54.494579 2.904227
47.064613 2.640269
54.590275 2.930703
47.289551 2.983814
47.081055 2.657533
54.514076 2.941530
54.587524 2.913441
47.009998 2.721232
47.217590 2.998622
54.391148 2.164287
54.526627 2.963048
54.520985 2.931412
47.110504 2.628582
47.171284 2.899304
54.569595 2.947575
47.065128 2.644134
54.506126 2.942222
54.490246 2.912629
54.580544 2.870249
54.461685 2.942270
47.070137 2.675115
54.534344 2.894820
47.037018 2.683087
54.504978 2.957675
47.221207 3.012218
54.482655 2.950763
54.538704 2.943147
54.400349 2.165421
47.218445 3.004419
54.480175 2.881556
54.451649 2.205688
54.525475 2.886094
54.442268 2.965951
47.217876 3.024833
54.547688 2.970684
46.945415 2.708297
54.468472 2.224942
47.285416 3.001119
54.537651 2.959843
47.289551 2.983814
47.237579 2.973984
54.462265 2.908061
47.038055 2.941007
54.515999 2.965752
54.514603 2.936316
54.558002 2.961599
54.568844 2.934943
46.983227 2.652154
54.445084 2.123800
54.439659 3.005436
54.580544 2.870249
54.477436 2.911525
47.155460 2.929833
54.506908 2.923849
47.111069 2.618629
47.258339 2.898247
47.239914 2.938683
54.513756 2.933780
54.487923 2.904905
54.507053 2.949598
54.464508 2.234682
54.528477 2.143414
47.051376 2.898370
54.519855 2.893011
54.459106 2.937010
54.553097 2.986625
54.359467 2.220945
47.084599 2.604494
54.508408 2.934565
54.516106 2.931625
54.532677 2.899244
47.110504 2.628582
46.996986 2.624383
54.496117 2.946697
47.016144 2.683961
54.522552 2.892946
46.983227 2.652154
54.544533 2.936470
47.243965 2.949038
54.430027 2.995963
54.589165 2.911299
54.537651 2.959843
47.046646 2.707340
54.497730 2.874185
54.515713 2.917993
54.498550 2.903073
47.289551 2.983814
54.530678 2.940153
54.526241 2.866758
54.553532 2.960618
54.507053 2.949598
54.480259 2.898107
54.525520 2.921293
54.529350 2.905814
47.217590 2.998622
54.471970 2.969693
54.495358 2.944499
47.084599 2.604494
54.568329 2.968361
54.513775 2.941395
54.490246 2.912629
54.580849 2.867287
54.444145 2.955152
46.997406 2.730954
47.229893 2.970838
47.285416 3.001119
46.990807 2.693052
54.507496 2.896707
54.522198 2.882778
54.456821 2.210465
54.544533 2.936470
54.526516 2.899706
54.487923 2.904905
54.510422 2.921885
47.161201 3.117129
47.102409 2.562918
54.396763 2.276493
54.457447 2.911612
54.507275 2.959836
54.466007 2.917695
54.555801 2.904545
54.541752 2.878864
54.476818 2.904850
54.516106 2.931625
47.258327 2.897648
54.471165 2.929222
46.998978 2.705731
54.477436 2.911525
54.536125 2.843703
47.192703 2.988492
54.485172 2.915019
54.497730 2.874185
54.515179 2.954612
54.550850 2.980133
47.237579 2.973984
54.383224 2.150568
47.289551 2.983814
54.512543 2.923654
54.546890 2.961563
54.514603 2.936316
54.552395 2.911963
47.173946 2.936918
54.516617 2.944757
54.480259 2.898107
54.514076 2.941530
54.446564 2.896857
47.186428 2.919351
47.188183 2.952692
54.514603 2.936316
54.452377 2.991942
54.553097 2.986625
54.430027 2.995963
54.561413 2.917848
54.538616 2.947836
54.520908 2.851212
54.544903 2.936508
54.510975 2.925014
54.589165 2.911299
54.481785 2.921622
54.497101 2.897336
54.559284 2.972612
47.190975 2.939423
54.531601 2.946125
54.545135 2.934774
54.516106 2.931625
54.483963 3.004216
54.519852 2.895528
47.070137 2.675115
54.476368 2.138559
54.501804 2.914757
54.545135 2.934774
54.459400 2.933724
54.543682 2.833754
47.111069 2.618629
47.237579 2.973984
54.493439 2.122276
54.555801 2.904545
54.504906 2.927827
54.536125 2.843703
54.524467 2.895795
54.529350 2.905814
54.481785 2.921622
54.553097 2.986625
54.459106 2.937010
54.538593 2.861518
47.122894 2.923074
54.544533 2.936470
54.483963 3.004216
54.497101 2.897336
54.486160 2.175690
47.070137 2.675115
47.233112 2.967499
54.590275 2.930703
54.524700 2.899630
54.446564 2.896857
47.110504 2.628582
54.511120 2.966764
54.522552 2.892946
54.580200 2.861674
54.476368 2.138559
47.017956 2.681592
54.486000 2.173985
54.486000 2.173985
54.552395 2.911963
54.552395 2.911963
54.554909 2.958544
54.490246 2.912629
47.084599 2.604494
54.398281 2.130415
54.553097 2.986625
47.171284 2.899304
54.581505 2.887242
54.534206 2.942799
47.074665 2.910699
54.506908 2.923849
54.528118 2.907001
54.514603 2.936316
54.546879 2.941743
54.510422 2.921885
54.531181 2.932199
54.532677 2.899244
47.289482 2.996676
54.525204 2.894048
54.482655 2.950763
54.459400 2.933724
54.514603 2.936316
54.540318 2.933660
54.471001 2.946267
47.085438 2.619786
54.587524 2.913441
54.486904 2.900917
54.580544 2.870249
54.489372 2.218760
54.526627 2.963048
54.526627 2.963048
47.073254 2.625469
54.588371 2.900961
54.529469 2.905682
54.540165 2.924181
47.038055 2.941007
54.528740 2.930096
54.453369 2.976811
54.618366 2.938415
54.529350 2.905814
47.234623 2.939496
54.573563 2.836482
54.536839 2.917986
54.505890 2.914547
47.190975 2.939423
54.520985 2.931412
54.531181 2.932199
47.289551 2.983814
47.231667 2.948171
54.522552 2.892946
47.052643 2.916153
54.572163 2.943958
54.569595 2.947575
47.074322 2.916570
54.520786 2.887579
54.580544 2.870249
47.114952 2.649915
54.537273 2.934571
54.460220 2.948422
46.971115 2.746041
46.971115 2.746041
47.034775 2.710469
54.523991 2.902642
47.024101 2.817160
54.510975 2.925014
54.517979 2.943109
54.525372 2.917867
54.447685 2.929634
54.568050 2.947723
54.489277 2.911914
47.007465 2.645367
47.007172 2.657472
47.017956 2.681592
47.190975 2.939423
47.171192 2.954011
54.529873 2.904731
54.531181 2.932199
54.590275 2.930703
47.231667 2.948171
47.191914 2.979700
47.065128 2.644134
54.554909 2.958544
54.524258 2.859761
47.085438 2.619786
54.582516 2.859813
54.555943 2.925081
54.527023 2.905408
54.471001 2.946267
54.477905 2.888932
54.508480 2.934039
54.487591 2.901635
47.191914 2.979700
54.507496 2.896707
47.005287 2.707810
54.546890 2.961563
54.483032 2.960829
54.546890 2.961563
47.171284 2.899304
47.234680 3.062753
54.519516 2.849416
47.235058 2.956294
54.515903 2.864907
47.070137 2.675115
54.534344 2.894820
54.537651 2.959843
47.171284 2.899304
54.539307 2.838792
54.525520 2.921293
54.506908 2.923849
54.493439 2.122276
54.544533 2.936470
54.439804 2.948785
47.167110 3.041741
54.515903 2.864907
54.580544 2.870249
54.453457 2.977217
54.381413 2.149646
47.002285 2.696990
47.233112 2.967499
54.523659 2.911046
47.165119 2.947674
54.476368 2.138559
54.538593 2.861518
54.523659 2.911046
47.193680 2.992524
54.506908 2.923849
54.589165 2.911299
54.507496 2.896707
54.582516 2.859813
54.545135 2.934774
47.219025 2.897009
47.064613 2.640269
54.602310 2.964339
54.526627 2.963048
47.226620 2.943132
47.066151 2.643836
54.576218 2.846522
54.589077 2.914799
54.581505 2.887242
54.580544 2.870249
54.537857 2.877809
47.171284 2.899304
47.101616 2.679476
54.554909 2.958544
54.581505 2.887242
54.430027 2.995963
54.524918 2.900262
54.529396 2.920586
47.110504 2.628582
54.543652 2.869599
47.192703 2.988492
47.083580 2.713518
54.537106 2.916581
54.477905 2.888932
54.529873 2.904731
54.519852 2.895528
47.051376 2.898370
54.422997 2.100092
47.046646 2.707340
47.171829 3.001658
54.497246 2.225918
54.532665 2.863339
47.167110 3.041741
54.506908 2.923849
54.501804 2.914757
54.528351 2.871839
54.510975 2.925014
54.523659 2.911046
54.504978 2.957675
54.544533 2.936470
54.476368 2.138559
54.561413 2.917848
54.379959 2.192036
54.438427 2.195085
