51.839725 2.664766
46.387302 3.366179
46.417488 3.372501
46.535511 3.561294
54.175972 3.041036
51.909901 2.737681
52.820457 2.190251
46.525826 3.527367
51.172436 2.598226
54.224083 3.006886
46.557747 3.537813
46.513603 3.492573
51.914455 2.717719
51.882370 2.657542
46.329449 3.368619
54.210789 3.056443
51.904156 2.732165
54.230778 3.000501
54.222248 3.006258
46.392773 3.359047
54.223927 3.005598
54.225723 3.006034
52.623871 2.507828
51.199963 2.605457
46.549084 3.479713
54.197437 3.082232
46.535179 3.530091
46.383652 3.365702
49.911221 2.675344
54.186302 3.042354
51.159279 2.610172
51.793762 2.693596
50.134407 2.588803
52.663738 2.473092
46.358593 3.464472
46.559658 3.554133
51.942657 2.710953
51.893921 2.738838
51.227139 2.587594
51.181244 2.612013
51.718468 2.759238
54.211937 2.989232
46.376171 3.372271
51.847744 2.666301
52.619083 2.499081
54.331661 3.255616
54.242939 2.992511
46.423660 3.359175
51.145878 2.616853
46.625732 3.549848
46.553841 3.529297
51.793762 2.693596
50.103817 2.600778
54.219261 3.089327
51.166321 2.618674
54.252235 2.997625
54.176682 3.094802
46.381851 3.360528
53.352921 2.909286
46.329449 3.368619
46.487942 3.477793
54.159378 3.104603
46.399063 3.473260
46.440517 3.371907
46.608692 3.541679
46.354996 3.362682
54.215790 3.014342
54.190319 3.087815
50.104927 2.587208
54.222038 3.007849
46.576065 3.522348
50.092770 2.599487
51.195049 2.610583
51.190582 2.608132
51.900513 2.731707
53.024460 2.608702
54.251617 2.990725
46.387646 3.364162
52.587456 2.513698
51.779102 2.697762
54.219006 3.010152
46.575874 3.539914
51.916901 2.732794
49.878098 2.686534
46.409565 3.444368
51.185474 2.591692
51.165348 2.604845
52.581497 2.530562
54.168900 3.103568
53.116745 2.541061
46.525826 3.527367
46.543457 3.519409
46.376171 3.372271
50.093433 2.588450
46.506992 3.493326
46.625732 3.549848
46.602692 3.541735
51.193550 2.585604
54.198524 3.089984
52.626049 2.505090
54.241920 3.071216
46.425209 3.471972
52.630493 2.499090
46.378403 3.372374
52.582325 2.527925
53.981018 3.630255
51.172436 2.598226
51.863541 2.663255
51.190582 2.608132
51.199963 2.605457
46.396343 3.362364
54.261154 2.984885
50.055397 2.610596
52.664326 2.480287
46.495525 3.531851
54.224285 2.977010
46.476082 3.336373
51.916901 2.732794
52.581497 2.530562
46.549084 3.540587
46.446503 3.467918
46.461185 3.470662
54.222248 3.006258
54.237270 3.008531
54.219040 3.010915
46.409595 3.357711
52.646461 2.479978
54.190605 3.067409
46.365517 3.366899
54.169071 3.109514
53.375835 2.892544
54.222408 3.009287
54.201176 3.065350
51.900513 2.731707
46.536156 3.538029
54.243404 3.001040
46.430592 3.359510
54.238266 3.005154
52.786182 2.207941
54.174229 3.092150
52.678020 2.461410
46.327499 3.367078
46.352062 3.374914
46.362637 3.367327
52.630493 2.499090
46.563477 3.534935
46.362637 3.367327
54.252003 2.987126
54.197834 3.067829
54.263363 2.991841
46.625732 3.549848
46.547356 3.507900
51.888226 2.757063
53.368660 2.931066
46.495525 3.531851
52.643917 2.487958
54.219040 3.010915
54.195225 3.066768
46.513901 3.553179
54.214340 3.012723
51.213520 2.599995
52.677193 2.459227
51.180115 2.611691
52.653515 2.479573
51.173275 2.602594
46.547356 3.507900
54.215790 3.014342
53.375835 2.892544
46.557228 3.560816
54.252003 2.987126
51.810070 2.695698
51.916901 2.732794
54.164726 3.110756
52.831604 2.185601
46.581635 3.537329
52.623871 2.507828
52.630577 2.476810
54.201035 3.077844
54.190605 3.067409
51.885120 2.746157
53.370422 2.897393
54.188896 3.040683
50.153172 2.569864
46.342422 3.368217
50.124550 2.592203
46.287674 3.382084
46.549084 3.479713
54.225174 3.089404
51.199310 2.606451
50.104927 2.587208
46.534943 3.489408
46.557625 3.521600
54.238266 3.005154
54.202503 3.019938
51.809872 2.698953
53.994987 3.633852
46.441067 3.355992
46.451012 3.354354
46.425209 3.471972
46.570938 3.549901
54.162319 3.087145
46.519051 3.555840
54.247604 2.994020
54.218811 3.022335
52.816906 2.189017
52.591068 2.521645
54.165115 3.090356
46.515221 3.491628
53.362190 2.901706
51.876076 2.752946
51.846600 2.658106
46.333229 3.373237
51.163429 2.618809
46.419800 3.365626
51.186218 2.606678
54.224083 3.006886
49.924587 2.663792
53.031628 2.595275
54.226379 3.004998
51.135361 2.632997
46.534969 3.537827
46.608692 3.541679
54.168900 3.103568
54.168697 3.047460
54.258621 2.994931
50.111454 2.597634
46.395428 3.470591
53.944714 3.653230
54.150982 3.097394
52.642597 2.491283
51.167168 2.606806
51.837406 2.680036
46.625732 3.549848
46.570938 3.549901
51.168636 2.624112
51.186218 2.606678
49.858528 2.695362
52.809742 2.197210
51.174217 2.599517
54.223461 3.073601
51.839725 2.664766
49.921982 2.652663
51.211689 2.588952
50.094864 2.600376
54.222248 3.006258
46.425095 3.343498
54.322723 3.261410
54.279366 2.970026
46.402081 3.361880
46.495525 3.531851
54.244396 2.995702
46.532719 3.491313
52.664993 2.469542
46.394154 3.363430
53.959949 3.641505
46.534130 3.478385
51.176552 2.614955
46.389118 3.375206
54.223225 3.092024
46.425209 3.471972
52.659752 2.476534
54.204617 2.991693
54.196804 3.071072
54.172554 3.045419
54.146439 3.123898
54.197659 3.020785
54.234303 3.004330
54.159378 3.104603
51.921307 2.739854
54.226135 3.001047
54.217812 3.015157
51.832558 2.670796
53.084599 2.587030
54.238266 3.005154
54.331661 3.255616
46.432167 3.343123
54.235317 3.006066
51.164745 2.611230
54.209442 2.991139
50.098938 2.598177
46.462696 3.468789
51.942657 2.710953
51.148239 2.613538
46.506992 3.493326
54.252003 2.987126
49.907513 2.674191
54.243404 3.001040
46.526497 3.536521
51.939301 2.726619
46.571018 3.533174
46.495525 3.531851
53.049179 2.595491
51.886311 2.748345
49.865532 2.606691
54.226711 2.981372
50.087669 2.595121
46.534943 3.489408
52.630493 2.499090
46.394184 3.470567
52.811329 2.196225
46.323433 3.372242
46.438801 3.343742
51.187469 2.606497
49.865532 2.606691
46.529964 3.560071
51.187218 2.606556
52.829632 2.186621
52.660545 2.461802
46.525826 3.527367
46.307117 3.378443
51.160545 2.605506
54.209858 3.017699
54.240044 3.012328
50.166790 2.565751
51.900513 2.731707
52.621265 2.498789
46.535179 3.530091
53.408367 2.873308
53.940559 3.640661
46.402382 3.362077
51.195122 2.601329
54.207268 3.056682
46.378403 3.372374
46.431068 3.470052
46.390038 3.362724
54.226360 3.087978
50.107643 2.592831
52.644821 2.487327
51.897251 2.728651
51.227139 2.587594
53.463768 2.911661
53.359737 2.905380
54.230373 3.008061
46.445038 3.342585
51.195049 2.610583
54.252235 2.997625
54.205486 3.085922
54.210487 3.099514
51.213520 2.599995
54.253632 2.986171
46.364243 3.503174
46.445652 3.474805
46.509026 3.548260
51.161564 2.607348
54.263363 2.991841
52.831604 2.185601
53.099762 2.554659
50.151360 2.574857
46.409565 3.444368
54.215916 3.092159
54.240044 3.012328
54.150543 3.097946
46.535179 3.530091
46.509026 3.548260
54.224251 3.002002
46.585281 3.543270
50.093433 2.588450
54.209858 3.017699
51.174633 2.614232
46.419800 3.365626
46.535179 3.530091
46.378738 3.455035
51.155060 2.602228
54.232540 3.005816
54.225498 3.007944
54.192150 3.083200
49.892246 2.672158
52.837227 2.180695
53.456783 2.882340
46.421509 3.471032
54.203136 3.022343
50.132278 2.589590
46.509026 3.548260
50.103046 2.592228
46.389118 3.375206
46.535656 3.557345
54.215916 3.092159
46.571018 3.533174
54.214340 3.012723
51.199963 2.605457
46.354996 3.362682
54.230640 3.081994
51.159279 2.610172
51.195778 2.622532
51.865532 2.663631
54.256332 2.989514
51.810070 2.695698
52.599831 2.525621
52.832767 2.187087
54.228336 3.014932
51.180115 2.611691
54.221981 3.016855
54.206741 2.989666
54.195225 3.066768
51.145878 2.616853
46.515221 3.491628
54.217232 3.094987
53.358051 2.905357
51.921307 2.739854
51.199963 2.605457
51.135361 2.632997
46.355499 3.448140
46.572495 3.536907
51.898972 2.737805
52.630493 2.499090
50.109776 2.588045
46.419800 3.365626
46.557228 3.560816
51.878376 2.751940
52.837227 2.180695
54.234303 3.004330
51.818615 2.672951
51.188938 2.608640
54.181847 3.083180
51.227329 2.592583
54.217812 3.015157
53.993279 2.868248
53.066231 2.586032
46.438801 3.343742
52.664326 2.480287
52.807514 2.191197
46.304115 3.379868
54.250168 2.988719
52.656513 2.477994
46.575874 3.539914
54.201138 3.067024
50.109776 2.588045
54.225174 3.089404
46.399063 3.473260
54.237270 3.008531
54.192238 3.072438
46.565189 3.550398
54.202503 3.019938
49.892246 2.672158
49.858181 2.692877
52.676716 2.464619
49.921982 2.652663
49.921352 2.670685
54.206997 3.014354
54.279366 2.970026
54.173038 3.088104
51.174217 2.599517
46.419819 3.359774
46.383652 3.365702
54.222706 3.007960
53.981018 3.630255
51.188156 2.611183
46.525826 3.527367
54.218243 2.982244
51.177048 2.594216
52.622196 2.501593
46.513603 3.492573
50.113998 2.594294
54.252003 2.987126
54.251617 2.990725
51.195644 2.607020
54.191792 3.094595
53.385502 2.914217
53.456783 2.882340
51.201530 2.593149
54.102280 3.140246
54.221817 3.012604
46.409332 3.371908
54.243210 2.996141
46.451012 3.354354
54.227955 3.046590
54.186333 3.075022
46.499481 3.500216
53.370422 2.897393
46.525826 3.527367
53.407085 2.985140
46.491848 3.494959
52.647011 2.484416
52.815006 2.193452
46.543457 3.519409
54.169071 3.109514
46.401821 3.358327
54.165401 3.115954
46.495525 3.531851
54.225723 3.006034
46.549084 3.479713
50.098938 2.598177
46.507874 3.537046
50.099651 2.594540
46.365517 3.366899
51.164745 2.611230
51.195778 2.622532
46.396851 3.364337
46.309082 3.379740
49.925339 2.663602
46.559341 3.531576
51.186180 2.593869
54.215790 3.014342
52.581497 2.530562
46.403042 3.491615
54.169750 3.078170
53.447842 2.912556
52.622196 2.501593
46.535511 3.561294
46.532822 3.548090
54.169071 3.109514
51.186218 2.606678
50.113079 2.577681
46.397263 3.501859
52.597893 2.516288
52.610405 2.513497
54.188839 3.055841
54.206173 3.027095
46.543114 3.538803
50.099022 2.593115
51.164917 2.606835
54.250168 2.988719
51.897251 2.728651
46.567837 3.520820
46.555607 3.483130
46.399063 3.473260
52.607719 2.496218
54.211937 2.989232
54.259716 2.991062
54.266853 2.990696
46.483723 3.494808
52.579544 2.533518
54.203812 3.062197
46.403042 3.491615
52.622196 2.501593
46.366093 3.370245
46.392681 3.454261
53.419018 2.918677
54.234776 2.968064
46.468006 3.496310
46.327499 3.367078
46.364243 3.503174
54.203121 3.024866
46.522476 3.479897
46.383766 3.445067
54.169071 3.109514
51.820869 2.653788
52.786816 2.201041
46.468006 3.496310
46.580868 3.537481
54.234303 3.004330
46.561131 3.538864
53.029140 2.609814
53.370422 2.897393
54.214508 3.023150
51.916901 2.732794
54.211887 3.054209
52.807514 2.191197
54.219040 3.010915
54.214508 3.023150
54.145359 3.124133
46.417488 3.372501
54.285965 2.964246
52.676716 2.464619
46.587608 3.521206
46.430592 3.359510
54.174229 3.092150
54.211159 3.070363
54.244396 2.995702
54.250168 2.988719
53.367630 2.902773
54.192669 3.126271
46.396851 3.364337
54.190319 3.087815
51.174633 2.614232
46.374805 3.449643
46.495525 3.531851
46.411808 3.448853
51.155060 2.602228
54.169750 3.078170
46.522015 3.491376
50.144505 2.577860
52.623646 2.496796
54.279366 2.970026
51.709297 2.758947
52.622196 2.501593
46.378738 3.455035
54.203136 3.022343
54.211887 3.054209
46.534943 3.489408
46.340160 3.370618
46.519913 3.530015
54.156006 3.117964
51.159279 2.610172
46.335476 3.365695
53.031212 2.593801
54.208126 3.072019
53.095699 2.558123
46.364429 3.370910
51.893921 2.738838
51.195644 2.607020
51.832558 2.670796
46.602692 3.541735
54.263363 2.991841
51.192196 2.606044
46.409595 3.357711
52.585983 2.526624
46.575874 3.539914
50.166790 2.565751
53.968975 3.637454
53.456783 2.882340
53.954391 3.638755
51.873657 2.752417
46.344074 3.371488
54.256126 2.988222
54.229412 3.003653
46.591316 3.548975
53.025425 2.611923
46.315010 3.376534
46.549084 3.479713
54.286190 2.968075
46.565189 3.550398
49.892246 2.672158
54.219654 3.041167
53.437508 2.931366
46.323433 3.372242
46.513603 3.492573
51.224762 2.591122
46.532822 3.548090
54.192810 3.084341
54.146439 3.123898
54.147289 3.103710
46.409332 3.371908
51.171295 2.602160
46.533909 3.546063
54.208050 3.001909
54.164276 3.089625
51.164745 2.611230
52.836575 2.183842
54.201138 3.067024
51.172436 2.598226
50.104504 2.592878
51.202446 2.604846
54.177006 3.103844
46.531517 3.562842
53.921822 3.649760
54.234303 3.004330
54.259716 2.991062
51.832558 2.670796
52.621506 2.488606
53.084599 2.587030
46.495525 3.531851
49.849701 2.617726
46.420258 3.361322
54.256760 3.047843
51.192196 2.606044
52.848167 2.179997
51.172436 2.598226
46.319492 3.381040
46.416191 3.373079
49.860558 2.690990
46.409595 3.357711
46.409595 3.357711
49.843571 2.699556
46.557625 3.521600
54.169071 3.109514
51.168636 2.624112
52.855953 2.174385
54.222706 3.007960
51.847744 2.666301
54.206741 2.989666
54.231190 2.978495
46.448715 3.341030
52.663296 2.448727
53.058853 2.586551
51.188908 2.608175
53.031212 2.593801
54.203136 3.022343
50.075184 2.611062
46.512074 3.545525
46.446503 3.467918
46.409565 3.444368
54.222408 3.009287
46.601452 3.513611
52.610752 2.496401
51.900513 2.731707
49.921982 2.652663
54.219654 3.041167
51.168636 2.624112
51.167168 2.606806
54.247311 2.997505
54.238510 3.007692
46.556923 3.531664
53.049179 2.595491
49.892246 2.672158
51.892220 2.743508
53.981018 3.630255
46.575874 3.539914
54.189934 3.073759
54.163944 3.092065
46.581635 3.537329
54.211269 3.068687
52.664993 2.469542
52.677193 2.459227
53.979187 3.635986
46.581036 3.559888
54.211212 3.074925
54.198524 3.089984
46.602730 3.544816
51.898441 2.760974
54.252235 2.997625
54.192753 3.020008
46.575874 3.539914
50.107643 2.592831
54.266853 2.990696
46.479820 3.335780
54.243404 3.001040
51.145878 2.616853
46.402382 3.362077
49.892246 2.672158
54.139706 3.131593
53.961884 3.634045
52.816906 2.189017
46.402382 3.362077
46.412651 3.501960
54.174908 3.099795
54.223461 3.073601
54.176682 3.094802
54.164249 3.088571
49.912457 2.658641
54.299408 2.967052
49.921352 2.670685
51.192196 2.606044
46.393299 3.445547
51.168957 2.618100
51.873657 2.752417
54.217232 3.094987
52.643917 2.487958
54.215916 3.092159
50.090687 2.592483
51.199963 2.605457
54.235233 3.047169
46.403042 3.491615
54.232540 3.005816
46.287674 3.382084
46.559658 3.554133
53.456783 2.882340
51.168636 2.624112
54.237270 3.008531
51.192196 2.606044
46.601452 3.513611
51.890190 2.745514
51.186218 2.606678
46.534943 3.489408
46.318230 3.365852
53.375835 2.892544
46.414444 3.355779
54.226711 2.981372
50.111454 2.597634
51.168636 2.624112
54.212917 3.018916
50.153172 2.569864
54.186779 3.090300
46.387302 3.366179
52.836575 2.183842
54.231190 2.978495
46.499115 3.492458
46.581036 3.559888
46.403042 3.491615
46.329449 3.368619
52.585983 2.526624
51.916901 2.732794
51.167530 2.599367
54.222248 3.006258
54.149487 3.143746
54.199738 3.025786
46.602730 3.544816
54.165867 3.098460
50.091900 2.600697
46.591316 3.548975
46.535656 3.557345
46.525826 3.527367
54.201176 3.065350
46.549084 3.479713
46.403042 3.491615
46.559498 3.528952
53.981018 3.630255
46.501350 3.332318
52.647011 2.484416
52.831604 2.185601
46.378403 3.372374
53.432022 2.922154
54.170933 3.100020
54.228336 3.014932
53.975899 2.877394
52.811329 2.196225
51.847744 2.666301
54.226711 2.981372
46.409565 3.444368
49.924587 2.663792
54.221481 3.050436
46.597881 3.544445
49.921982 2.652663
54.197437 3.072268
50.116882 2.580724
46.360168 3.371778
46.400860 3.452867
54.221161 3.004014
46.359821 3.373333
46.549084 3.479713
50.113079 2.577681
51.213520 2.599995
54.263363 2.991841
52.820663 2.189285
51.885120 2.746157
46.567593 3.557444
46.597324 3.544298
54.159466 3.096395
54.201176 3.065350
46.367256 3.370279
54.214062 3.088640
51.873657 2.752417
51.885120 2.746157
46.543457 3.519409
46.566528 3.557329
54.222408 3.009287
46.491848 3.494959
51.168957 2.618100
54.170563 3.092086
46.460361 3.341505
46.549084 3.479713
54.209442 2.991139
53.078377 2.584904
46.393299 3.445547
52.666828 2.472933
52.607437 2.502276
51.904156 2.732165
54.219261 3.089327
46.555607 3.483130
46.602730 3.544816
54.102280 3.140246
52.677193 2.459227
53.913540 2.728007
51.180115 2.611691
52.786182 2.207941
46.399063 3.473260
46.423649 3.476951
51.207104 2.591076
51.166321 2.618674
51.219044 2.584964
54.234776 2.968064
46.368618 3.368591
51.176670 2.600088
54.206741 2.989666
46.559498 3.528952
52.581528 2.531471
46.495525 3.531851
54.209858 3.017699
46.378403 3.372374
54.222408 3.009287
54.251617 2.990725
51.195778 2.622532
51.221527 2.594639
53.049179 2.595491
46.430592 3.359510
46.340420 3.367368
52.829632 2.186621
50.113079 2.577681
52.831604 2.185601
51.186218 2.606678
46.441006 3.340880
54.194267 3.031247
54.244564 3.003293
54.222408 3.009287
46.362637 3.367327
46.566528 3.557329
52.619320 2.508467
54.252003 2.987126
54.238266 3.005154
54.225498 3.007944
51.889172 2.739480
51.188908 2.608175
46.366093 3.370245
54.235146 3.000770
54.252003 2.987126
51.851933 2.654199
53.370422 2.897393
52.622196 2.501593
46.354996 3.362682
49.897663 2.680215
51.186237 2.611340
52.677193 2.459227
54.197834 3.067829
54.256332 2.989514
46.565189 3.550398
54.214508 3.023150
54.225498 3.007944
53.375835 2.892544
51.904156 2.732165
54.234776 2.968064
48.968185 2.649283
51.195644 2.607020
46.451908 3.341070
54.226135 3.001047
54.150623 3.115053
46.529964 3.560071
54.176041 3.092443
54.211937 2.989232
54.147289 3.103710
54.222248 3.006258
54.210556 3.053947
46.340160 3.370618
54.228336 3.014932
46.564857 3.521249
51.810070 2.695698
50.177490 2.560219
54.252235 2.997625
54.211269 3.068687
46.340160 3.370618
51.145878 2.616853
54.243404 3.001040
54.235146 3.000770
54.234303 3.004330
54.227127 3.005954
53.031212 2.593801
54.217361 3.010252
54.256126 2.988222
53.049179 2.595491
51.187469 2.606497
51.166321 2.618674
52.811329 2.196225
46.367077 3.370070
50.166790 2.565751
54.254883 2.987878
54.278435 2.982189
52.656513 2.477994
46.602730 3.544816
46.506992 3.493326
51.171295 2.602160
46.487942 3.477793
54.235233 3.047169
46.344074 3.371488
49.849701 2.617726
54.226379 3.004998
52.642597 2.491283
54.165401 3.115954
46.528179 3.491229
53.031628 2.595275
46.533447 3.529634
51.222591 2.605166
52.659752 2.476534
53.049179 2.595491
52.664993 2.469542
54.165401 3.115954
51.942657 2.710953
52.811329 2.196225
51.184113 2.613199
54.222286 3.020419
46.567440 3.521055
53.959949 3.641505
54.159378 3.104603
54.222038 3.007849
46.563477 3.534935
54.247604 2.994020
46.397263 3.501859
54.211269 3.068687
46.483723 3.494808
46.376247 3.362229
54.227127 3.005954
49.843571 2.699556
54.150623 3.115053
46.390038 3.362724
46.517246 3.489366
54.247311 2.997505
54.238266 3.005154
49.892246 2.672158
54.160938 3.107549
54.159466 3.096395
46.409595 3.357711
54.226360 3.087978
52.607719 2.496218
46.364429 3.370910
46.378403 3.372374
51.174217 2.599517
51.793762 2.693596
52.581497 2.530562
46.536156 3.538029
52.677193 2.459227
46.403042 3.491615
51.199963 2.605457
51.171295 2.602160
54.185566 3.074517
51.145878 2.616853
50.086155 2.595813
46.368618 3.368591
54.150982 3.097394
46.543114 3.538803
51.718468 2.759238
54.202530 3.033187
51.193798 2.602917
54.221817 3.012604
49.892246 2.672158
53.934753 3.641637
54.228336 3.014932
54.211212 3.074925
54.205563 2.996692
46.340420 3.367368
49.921982 2.652663
53.375835 2.892544
46.412651 3.501960
46.534130 3.478385
51.222591 2.605166
46.441067 3.355992
51.166321 2.618674
51.195778 2.622532
51.222591 2.605166
53.450314 2.923756
46.507874 3.537046
50.103046 2.592228
54.165401 3.115954
46.340420 3.367368
46.591221 3.542875
51.192196 2.606044
50.153172 2.569864
54.176479 3.018038
54.252003 2.987126
46.543457 3.519409
49.921982 2.652663
54.247311 2.997505
46.448715 3.341030
46.559498 3.528952
50.113079 2.577681
46.549084 3.479713
46.340160 3.370618
46.399872 3.472528
54.266853 2.990696
46.403042 3.491615
54.223461 3.073601
54.211212 3.074925
52.786816 2.201041
53.029140 2.609814
46.549084 3.479713
49.921982 2.652663
51.718468 2.759238
53.433048 2.935775
46.567440 3.521055
51.145878 2.616853
52.665352 2.477487
46.587608 3.521206
46.535179 3.530091
52.855953 2.174385
51.793762 2.693596
46.509026 3.548260
53.959949 3.641505
54.251617 2.990725
46.420238 3.361770
54.102280 3.140246
50.098938 2.598177
46.381851 3.360528
54.266853 2.990696
51.185734 2.604004
51.878376 2.751940
49.921982 2.652663
53.066231 2.586032
50.113079 2.577681
51.145878 2.616853
46.532822 3.548090
46.409565 3.444368
54.243404 3.001040
50.103046 2.592228
54.190319 3.087815
46.394966 3.365036
54.252235 2.997625
52.640438 2.466520
51.195122 2.601329
51.183346 2.607944
51.839725 2.664766
50.113079 2.577681
52.811329 2.196225
54.243404 3.001040
50.113079 2.577681
52.630493 2.499090
46.287674 3.382084
54.252003 2.987126
54.217232 3.094987
50.086155 2.595813
46.396851 3.364337
52.586082 2.526012
51.221527 2.594639
46.561131 3.538864
54.234062 3.002773
46.403042 3.491615
52.656933 2.479519
46.327499 3.367078
53.095699 2.558123
51.227139 2.587594
46.335476 3.365695
54.214508 3.023150
46.340420 3.367368
46.561131 3.538864
53.927582 3.648400
46.557625 3.521600
51.174633 2.614232
46.368618 3.368591
53.370422 2.897393
46.519913 3.530015
52.646461 2.479978
52.848167 2.179997
51.166321 2.618674
46.378403 3.372374
54.203812 3.062197
46.519913 3.530015
50.093208 2.597050
51.810070 2.695698
54.203445 3.015362
51.202446 2.604846
53.940559 3.640661
46.535511 3.561294
46.358345 3.369213
54.163761 3.094106
53.944714 3.653230
46.327499 3.367078
50.103817 2.600778
51.166321 2.618674
54.223461 3.073601
46.499115 3.492458
51.159279 2.610172
54.176479 3.018038
54.252003 2.987126
52.630493 2.499090
46.625732 3.549848
54.251617 2.990725
54.144539 3.113355
51.885120 2.746157
46.567837 3.520820
51.839725 2.664766
54.176682 3.094802
50.166790 2.565751
54.221981 3.016855
50.119621 2.584687
46.543457 3.519409
54.224083 3.006886
52.837227 2.180695
54.285965 2.964246
53.358051 2.905357
54.214062 3.088640
54.170563 3.092086
54.206741 2.989666
53.954391 3.638755
51.155060 2.602228
51.213001 2.586877
54.212917 3.018916
46.503639 3.490991
46.495525 3.531851
50.109776 2.588045
54.150982 3.097394
46.438801 3.343742
51.190582 2.608132
46.335476 3.365695
51.195778 2.622532
46.529964 3.560071
54.232540 3.005816
51.159279 2.610172
46.543457 3.519409
54.235146 3.000770
50.177490 2.560219
53.050240 2.596126
49.849701 2.617726
54.176041 3.092443
51.168636 2.624112
46.378403 3.372374
46.409595 3.357711
54.225498 3.007944
54.221817 3.012604
50.107643 2.592831
46.533447 3.529634
54.223927 3.005598
54.223461 3.073601
54.191875 3.068255
46.494232 3.491994
54.211887 3.054209
46.438801 3.343742
46.409595 3.357711
54.187668 3.094129
53.049179 2.595491
46.557228 3.560816
54.230778 3.000501
52.811329 2.196225
46.522476 3.479897
46.327499 3.367078
49.922958 2.650379
53.431274 2.938788
52.659752 2.476534
54.226379 3.004998
54.256126 2.988222
54.235146 3.000770
46.597881 3.544445
54.187328 3.012443
46.307117 3.378443
46.397263 3.501859
46.425209 3.471972
46.387302 3.366179
46.515221 3.491628
49.892246 2.672158
46.327499 3.367078
53.358051 2.905357
53.961884 3.634045
52.653515 2.479573
51.190720 2.597316
54.226360 3.087978
51.904156 2.732165
54.164276 3.089625
46.414410 3.359393
54.222038 3.007849
46.430592 3.359510
54.230778 3.000501
50.093533 2.599946
54.206173 3.027095
54.252003 2.987126
49.929184 2.661571
54.164249 3.088571
51.898441 2.760974
46.409595 3.357711
46.385674 3.461722
51.187469 2.606497
46.430592 3.359510
46.602730 3.544816
46.525826 3.527367
51.151157 2.621679
50.113079 2.577681
46.438801 3.343742
51.166321 2.618674
53.370422 2.897393
46.525826 3.527367
46.495525 3.531851
53.940559 3.640661
54.174908 3.099795
54.198524 3.089984
52.815006 2.193452
54.252003 2.987126
46.412651 3.501960
46.362637 3.367327
54.231190 2.978495
51.793762 2.693596
54.225498 3.007944
52.829632 2.186621
46.417488 3.372501
54.230778 3.000501
46.369686 3.503042
52.622196 2.501593
52.643917 2.487958
51.809872 2.698953
46.364429 3.370910
51.885120 2.746157
46.525826 3.527367
52.838257 2.182651
54.219654 3.041167
54.238266 3.005154
53.442562 2.927508
54.178436 3.084567
52.837227 2.180695
54.214340 3.012723
54.226711 2.981372
54.234303 3.004330
53.029140 2.609814
51.186218 2.606678
54.238266 3.005154
46.419800 3.365626
46.344074 3.371488
46.399872 3.472528
51.163101 2.615057
51.159279 2.610172
46.364429 3.370910
49.865532 2.606691
46.532822 3.548090
52.598782 2.505893
53.934753 3.641637
46.393299 3.445547
54.235233 3.047169
52.786182 2.207941
54.179169 3.075017
46.587608 3.521206
51.839725 2.664766
53.095699 2.558123
54.251617 2.990725
53.940559 3.640661
52.581497 2.530562
46.478840 3.531521
51.221527 2.594639
46.560219 3.532707
46.503639 3.490991
52.619328 2.499377
54.240101 3.035758
54.169071 3.109514
46.376171 3.372271
54.214340 3.012723
46.557625 3.521600
46.534943 3.489408
54.237270 3.008531
54.226379 3.004998
46.425869 3.472532
54.252003 2.987126
46.535179 3.530091
46.525711 3.553146
46.591316 3.548975
46.509026 3.548260
54.192238 3.072438
53.968975 3.637454
54.179871 3.089606
51.837406 2.680036
51.168636 2.624112
46.327499 3.367078
53.456783 2.882340
54.234303 3.004330
54.259716 2.991062
46.445652 3.474805
46.565781 3.542715
54.235146 3.000770
54.147289 3.103710
46.318230 3.365852
54.243404 3.001040
46.451908 3.341070
54.211887 3.054209
46.572495 3.536907
54.190437 3.093516
54.222408 3.009287
54.170933 3.100020
46.355499 3.448140
46.419800 3.365626
46.350082 3.448869
54.217232 3.094987
51.191109 2.588043
54.220539 3.009547
51.921307 2.739854
46.369686 3.503042
46.369686 3.503042
52.582325 2.527925
51.145878 2.616853
51.133705 2.622173
53.921570 3.646815
46.491848 3.494959
46.376171 3.372271
52.677193 2.459227
53.968975 3.637454
54.218243 2.982244
46.549084 3.540587
50.099022 2.593115
51.900513 2.731707
54.147499 3.100050
51.174633 2.614232
53.029140 2.609814
54.225174 3.089404
54.223461 3.073601
52.786182 2.207941
51.166321 2.618674
54.279366 2.970026
54.222286 3.020419
54.222408 3.009287
46.555607 3.483130
49.907513 2.674191
54.234303 3.004330
54.235146 3.000770
54.235146 3.000770
54.164726 3.110756
51.195644 2.607020
46.432167 3.343123
51.222591 2.605166
54.163944 3.092065
54.194267 3.031247
46.411808 3.448853
51.939301 2.726619
54.213478 3.015965
49.907513 2.674191
54.222706 3.007960
51.900513 2.731707
46.601452 3.513611
54.222706 3.007960
54.252003 2.987126
46.468006 3.496310
54.219040 3.010915
54.240101 3.035758
54.199738 3.025786
51.176552 2.614955
54.215916 3.092159
50.177490 2.560219
54.222248 3.006258
54.219261 3.089327
54.253632 2.986171
51.916901 2.732794
54.199738 3.025786
51.193550 2.585604
53.359737 2.905380
46.487942 3.477793
54.263363 2.991841
52.811329 2.196225
46.385674 3.461722
51.174633 2.614232
54.217361 3.010252
53.924088 3.643529
51.176552 2.614955
46.452988 3.341118
54.177006 3.103844
54.215916 3.092159
46.535305 3.529629
46.495525 3.531851
46.432964 3.369555
46.532719 3.491313
46.399872 3.472528
53.049179 2.595491
46.451012 3.354354
54.251617 2.990725
46.390038 3.362724
54.234303 3.004330
46.625732 3.549848
54.240044 3.012328
46.530403 3.521574
54.182808 3.095719
46.425209 3.471972
54.224083 3.006886
54.201138 3.067024
46.425095 3.343498
52.591068 2.521645
46.553841 3.529297
51.195778 2.622532
46.340420 3.367368
46.383652 3.365702
46.396343 3.362364
54.261154 2.984885
52.659752 2.476534
54.177624 3.081082
54.261154 2.984885
54.215790 3.014342
46.397217 3.502528
51.166321 2.618674
52.602211 2.515518
51.846600 2.658106
46.364429 3.370910
54.205563 2.996692
53.442562 2.927508
53.375835 2.892544
54.222038 3.007849
53.450314 2.923756
51.186218 2.606678
46.403042 3.491615
54.217361 3.010252
46.565189 3.550398
54.251617 2.990725
46.555607 3.483130
46.282234 3.382370
54.232540 3.005816
54.296009 2.960193
51.159279 2.610172
46.533447 3.529634
51.215931 2.594729
54.145359 3.124133
54.285965 2.964246
46.425869 3.472532
54.206741 2.989666
54.202530 3.033187
54.331661 3.255616
54.159378 3.104603
50.166790 2.565751
46.446503 3.467918
54.190014 3.071167
54.261154 2.984885
54.232540 3.005816
54.172607 3.081185
46.419800 3.365626
51.900513 2.731707
46.491848 3.494959
49.892246 2.672158
54.226711 2.981372
54.146439 3.123898
52.664993 2.469542
46.403042 3.491615
46.362637 3.367327
54.202503 3.019938
51.196255 2.607537
46.557072 3.549304
50.111454 2.597634
52.816906 2.189017
52.786182 2.207941
54.182808 3.095719
46.411808 3.448853
54.222286 3.020419
54.225723 3.006034
50.103046 2.592228
46.462696 3.468789
51.904156 2.732165
51.916901 2.732794
51.186218 2.606678
54.225498 3.007944
46.358345 3.369213
46.535179 3.530091
46.519913 3.530015
54.234303 3.004330
46.403042 3.491615
46.547356 3.507900
54.211212 3.074925
51.810070 2.695698
51.172436 2.598226
54.222248 3.006258
46.364429 3.370910
52.659752 2.476534
51.190582 2.608132
51.145878 2.616853
49.924587 2.663792
50.131874 2.581462
53.387753 2.888244
54.240101 3.035758
46.307117 3.378443
46.506992 3.493326
53.934753 3.641637
52.607224 2.521145
51.810070 2.695698
52.602211 2.515518
46.535179 3.530091
52.656933 2.479519
54.244396 2.995702
54.176041 3.092443
51.159214 2.623924
46.485962 3.491584
46.432964 3.369555
53.940559 3.640661
54.175972 3.041036
54.252235 2.997625
51.190720 2.597316
51.195644 2.607020
46.581635 3.537329
46.403042 3.491615
49.921982 2.652663
51.186180 2.593869
54.250168 2.988719
46.362637 3.367327
46.557072 3.549304
54.250168 2.988719
51.900513 2.731707
50.110435 2.573375
54.222408 3.009287
51.190720 2.597316
51.195778 2.622532
46.409595 3.357711
46.525711 3.553146
54.177624 3.081082
54.198524 3.089984
52.807514 2.191197
54.199738 3.025786
46.340160 3.370618
46.495525 3.531851
46.378403 3.372374
46.448715 3.341030
54.223217 3.008460
54.206741 2.989666
46.560219 3.532707
54.247311 2.997505
51.199963 2.605457
46.535179 3.530091
54.201138 3.067024
52.581497 2.530562
51.904156 2.732165
52.811329 2.196225
54.259716 2.991062
46.437641 3.469702
52.581497 2.530562
53.944714 3.653230
51.196255 2.607537
46.506992 3.493326
46.517246 3.489366
46.393299 3.445547
46.432167 3.343123
46.519913 3.530015
54.199738 3.025786
50.107643 2.592831
54.223927 3.005598
52.622196 2.501593
52.838257 2.182651
51.159279 2.610172
46.532822 3.548090
52.585983 2.526624
54.256126 2.988222
54.214340 3.012723
46.547356 3.507900
54.203812 3.062197
53.375835 2.892544
51.900513 2.731707
54.194244 3.030385
46.411808 3.448853
54.231190 2.978495
54.204617 2.991693
51.155060 2.602228
54.223225 3.092024
46.491848 3.494959
51.705616 2.769305
50.086155 2.595813
46.318230 3.365852
54.186333 3.075022
54.102280 3.140246
54.253632 2.986171
51.196255 2.607537
46.411808 3.448853
51.219933 2.578279
54.150982 3.097394
46.378403 3.372374
46.397263 3.501859
53.994987 3.633852
49.892246 2.672158
54.234303 3.004330
50.166790 2.565751
51.168636 2.624112
46.556923 3.531664
54.210487 3.099514
54.205967 3.076019
54.251617 2.990725
49.892246 2.672158
46.404175 3.459144
53.463768 2.911661
54.169071 3.109514
54.222038 3.007849
46.378403 3.372374
46.547356 3.507900
54.225174 3.089404
54.266853 2.990696
51.892220 2.743508
46.344074 3.371488
54.247604 2.994020
54.251617 2.990725
54.238266 3.005154
54.213478 3.015965
46.543114 3.538803
46.396343 3.362364
54.169071 3.109514
46.530403 3.521574
46.399063 3.473260
52.837227 2.180695
46.625732 3.549848
50.087669 2.595121
54.222706 3.007960
54.238266 3.005154
51.215931 2.594729
46.567837 3.520820
46.393299 3.445547
54.172607 3.081185
46.602730 3.544816
54.177624 3.081082
54.243404 3.001040
51.195644 2.607020
53.352921 2.909286
52.838257 2.182651
51.847744 2.666301
46.393299 3.445547
46.567837 3.520820
54.222248 3.006258
52.598782 2.505893
52.599892 2.506534
49.921982 2.652663
46.483723 3.494808
54.259716 2.991062
46.555607 3.483130
46.389118 3.375206
54.219261 3.089327
54.213478 3.015965
46.430592 3.359510
49.892246 2.672158
46.516087 3.478068
54.259716 2.991062
51.227329 2.592583
51.181244 2.612013
46.461185 3.470662
54.214508 3.023150
54.206741 2.989666
46.564857 3.521249
46.390038 3.362724
51.873657 2.752417
53.435863 2.904333
54.165867 3.098460
46.506992 3.493326
46.591221 3.542875
52.677193 2.459227
54.203445 3.015362
46.409595 3.357711
54.222408 3.009287
46.425209 3.471972
51.810070 2.695698
54.176041 3.092443
54.222248 3.006258
54.222706 3.007960
54.232540 3.005816
50.109776 2.588045
54.214340 3.012723
54.263363 2.991841
46.393299 3.445547
54.256126 2.988222
46.591316 3.548975
51.181244 2.612013
51.145878 2.616853
53.428604 2.962132
46.602692 3.541735
54.146439 3.123898
46.516087 3.478068
49.849701 2.617726
54.210114 3.021729
49.849701 2.617726
46.397263 3.501859
51.916901 2.732794
46.376171 3.372271
54.206173 3.027095
54.214340 3.012723
52.663738 2.473092
54.252003 2.987126
53.993279 2.868248
54.225498 3.007944
52.832767 2.187087
49.921982 2.652663
46.403042 3.491615
54.234303 3.004330
54.186333 3.075022
54.211937 2.989232
54.192238 3.072438
46.564857 3.521249
54.224285 2.977010
54.222248 3.006258
46.419800 3.365626
54.159378 3.104603
46.550953 3.547866
51.199963 2.605457
46.534130 3.478385
46.580868 3.537481
46.393299 3.445547
49.924587 2.663792
54.252003 2.987126
46.542210 3.521688
54.222408 3.009287
54.190014 3.071167
54.206173 3.027095
46.625732 3.549848
51.145878 2.616853
50.111454 2.597634
46.535179 3.530091
46.378403 3.372374
46.340160 3.370618
50.109776 2.588045
46.534130 3.478385
54.220539 3.009547
52.606522 2.513589
53.066231 2.586032
52.829632 2.186621
51.914455 2.717719
54.222038 3.007849
51.227329 2.592583
53.031212 2.593801
51.145878 2.616853
50.086155 2.595813
46.451012 3.354354
53.981018 3.630255
46.393299 3.445547
54.186302 3.042354
54.235317 3.006066
46.358345 3.369213
51.873657 2.752417
54.252003 2.987126
46.389118 3.375206
54.238266 3.005154
54.234776 2.968064
46.487942 3.477793
46.378403 3.372374
46.344074 3.371488
46.366093 3.370245
51.889172 2.739480
54.224083 3.006886
46.378403 3.372374
46.431068 3.470052
53.050240 2.596126
46.425209 3.471972
46.597324 3.544298
51.900513 2.731707
51.168636 2.624112
54.221981 3.016855
49.892246 2.672158
54.192150 3.083200
46.438801 3.343742
54.159378 3.104603
46.597324 3.544298
54.235146 3.000770
54.172607 3.081185
52.678020 2.461410
54.225498 3.007944
46.519913 3.530015
54.198524 3.089984
50.109776 2.588045
46.543457 3.519409
46.591316 3.548975
54.222038 3.007849
46.513603 3.492573
46.513603 3.492573
51.171295 2.602160
46.625732 3.549848
50.107643 2.592831
51.172436 2.598226
51.159279 2.610172
54.174908 3.099795
54.224083 3.006886
54.250168 2.988719
46.547356 3.507900
51.145878 2.616853
54.263363 2.991841
54.197659 3.020785
46.476082 3.336373
54.232540 3.005816
46.531517 3.562842
51.888226 2.757063
54.195225 3.066768
53.940559 3.640661
46.491848 3.494959
51.166321 2.618674
51.192196 2.606044
51.145878 2.616853
54.224083 3.006886
53.941364 3.638992
51.916901 2.732794
46.411808 3.448853
46.403042 3.491615
46.553841 3.529297
54.234062 3.002773
54.252003 2.987126
54.251617 2.990725
54.192150 3.083200
46.383652 3.365702
53.994987 3.633852
54.222248 3.006258
46.542210 3.521688
52.820457 2.190251
54.222408 3.009287
54.230778 3.000501
51.155060 2.602228
52.664993 2.469542
54.234303 3.004330
46.362637 3.367327
46.491848 3.494959
53.981018 3.630255
54.164726 3.110756
54.201138 3.067024
51.810070 2.695698
54.252003 2.987126
52.642597 2.491283
54.240044 3.012328
51.873657 2.752417
54.169071 3.109514
49.892246 2.672158
54.192150 3.083200
52.585983 2.526624
46.601452 3.513611
46.587608 3.521206
52.816906 2.189017
54.232540 3.005816
46.327499 3.367078
46.393299 3.445547
51.166321 2.618674
46.495525 3.531851
54.210789 3.056443
46.374805 3.449643
54.234776 2.968064
51.199963 2.605457
54.251617 2.990725
46.491848 3.494959
51.168636 2.624112
51.886311 2.748345
54.164249 3.088571
50.103817 2.600778
54.243210 2.996141
46.403042 3.491615
53.049179 2.595491
46.591316 3.548975
46.448715 3.341030
50.055397 2.610596
46.446503 3.467918
54.224083 3.006886
51.873657 2.752417
50.166790 2.565751
51.942657 2.710953
53.954391 3.638755
51.168636 2.624112
51.921307 2.739854
51.174633 2.614232
52.836575 2.183842
54.222706 3.007960
51.164917 2.606835
54.263363 2.991841
53.993279 2.868248
46.591316 3.548975
53.049179 2.595491
54.201687 3.079827
51.186218 2.606678
54.177624 3.081082
54.164249 3.088571
46.601452 3.513611
51.168636 2.624112
54.226360 3.087978
52.678020 2.461410
54.164726 3.110756
46.432167 3.343123
46.506992 3.493326
46.513603 3.492573
54.219040 3.010915
51.164745 2.611230
52.809742 2.197210
53.913540 2.728007
46.515221 3.491628
46.547356 3.507900
53.078377 2.584904
54.215916 3.092159
50.098938 2.598177
53.463768 2.911661
50.103046 2.592228
54.252003 2.987126
46.534130 3.478385
46.602730 3.544816
51.174217 2.599517
54.259716 2.991062
46.333229 3.373237
53.099762 2.554659
46.575874 3.539914
53.375835 2.892544
46.534130 3.478385
46.513901 3.553179
51.176552 2.614955
46.567837 3.520820
54.206173 3.027095
54.226135 3.001047
52.591068 2.521645
46.549084 3.479713
53.352921 2.909286
54.240101 3.035758
52.815006 2.193452
51.888226 2.757063
54.197437 3.082232
54.174908 3.099795
54.209858 3.017699
54.198524 3.089984
51.160545 2.605506
51.195778 2.622532
52.816906 2.189017
51.174633 2.614232
46.499115 3.492458
50.110435 2.573375
54.177624 3.081082
49.921982 2.652663
53.456783 2.882340
54.211937 2.989232
46.509026 3.548260
54.279366 2.970026
52.786816 2.201041
52.811329 2.196225
53.993279 2.868248
51.213520 2.599995
54.226135 3.001047
46.535179 3.530091
54.190605 3.067409
53.095699 2.558123
46.403042 3.491615
52.581497 2.530562
54.163761 3.094106
46.394966 3.365036
46.522015 3.491376
54.247604 2.994020
46.383766 3.445067
53.968975 3.637454
49.911221 2.675344
50.113079 2.577681
46.421509 3.471032
54.253632 2.986171
49.921982 2.652663
51.168636 2.624112
46.625732 3.549848
46.525826 3.527367
46.403042 3.491615
51.187469 2.606497
52.811329 2.196225
52.602211 2.515518
54.224083 3.006886
54.206173 3.027095
53.428604 2.962132
54.211937 2.989232
54.209858 3.017699
46.513603 3.492573
46.441067 3.355992
52.786816 2.201041
46.399872 3.472528
53.408367 2.873308
46.461185 3.470662
54.211212 3.074925
46.378403 3.372374
46.535656 3.557345
54.226711 2.981372
46.547356 3.507900
52.581497 2.530562
53.428604 2.962132
51.916901 2.732794
46.597324 3.544298
52.642597 2.491283
46.383652 3.365702
53.375835 2.892544
46.535179 3.530091
52.642597 2.491283
46.307117 3.378443
46.425209 3.471972
49.921982 2.652663
54.252003 2.987126
54.235233 3.047169
53.456783 2.882340
51.222591 2.605166
