46.357090 2.302193
46.048386 2.169020
46.318039 2.374866
46.420574 2.322117
46.325390 2.360933
46.294132 2.327935
46.164249 2.065095
46.349731 2.277711
46.282421 2.429134
46.344875 2.307369
46.268745 2.419668
46.304050 2.331047
46.163864 2.327203
46.297195 2.380250
46.386887 2.342167
46.353127 2.410850
46.203529 2.329469
46.381172 2.288026
46.314682 2.436952
46.297512 2.330297
46.067520 2.181437
46.316952 2.376690
46.322071 2.302358
46.298817 2.367377
46.157631 2.314351
46.363693 2.404170
46.327198 2.360866
46.361980 2.350815
46.140903 2.319199
46.457066 2.306224
46.248131 2.333536
46.186558 2.313247
46.149906 2.248148
46.065231 2.210818
46.254044 2.430377
53.750839 2.214127
46.325390 2.360933
46.345562 2.325487
53.833435 2.286253
46.217445 2.341976
46.273697 2.324125
46.347530 2.413285
46.297195 2.380250
46.065231 2.210818
46.289783 2.356097
46.368938 2.283245
46.180172 2.302777
53.774158 2.278095
46.203529 2.329469
46.435822 2.241899
46.331295 2.360916
53.758251 2.221954
46.298782 2.355003
46.143513 2.311532
46.297958 2.356124
46.143131 2.321579
46.401134 2.286628
46.284561 2.356085
46.200382 2.078315
46.265644 2.284538
46.321331 2.375724
46.133244 2.073774
46.526054 2.349611
46.376545 2.353104
46.343197 2.366987
46.333900 2.298673
46.132641 2.318156
46.291504 2.365320
46.115391 2.126482
46.316120 2.369855
46.331108 2.288928
46.076065 2.319968
46.315205 2.325344
46.268745 2.419668
46.276691 2.353205
46.534187 2.354042
46.308434 2.296529
53.767605 2.217218
46.337345 2.290779
46.101952 2.314498
46.296272 2.338770
46.310299 2.357641
46.227272 2.337121
46.019112 2.162332
46.357517 2.358621
46.328350 2.341996
46.408531 2.324395
46.251472 2.387394
46.329556 2.289922
46.314144 2.370900
46.292164 2.355598
46.331108 2.288928
46.288155 2.423636
46.312740 2.343428
46.421059 2.300060
46.283653 2.327758
46.192551 2.338427
46.335567 2.303434
46.347610 2.351419
46.301758 2.324898
46.300251 2.353827
46.020084 2.196411
46.395348 2.346675
46.318039 2.374866
46.279564 2.402959
46.457066 2.306224
53.723347 2.222811
46.281055 2.396675
46.293423 2.351344
46.175404 2.074970
46.181835 2.273045
46.232018 2.319709
46.286945 2.330630
46.308350 2.385590
46.289669 2.402465
46.042767 2.318877
46.151920 2.321512
46.266300 2.323061
46.290604 2.381874
46.203529 2.329469
46.326046 2.389106
46.367950 2.351127
46.358948 2.309320
46.370979 2.406246
46.444538 2.325195
46.385441 2.318676
46.441921 2.330020
46.298698 2.331378
46.321629 2.359834
46.457066 2.306224
46.297035 2.320574
46.376225 2.354378
46.340279 2.383575
46.361584 2.282614
46.483791 2.338341
46.350471 2.269103
46.266087 2.387662
46.254410 2.329924
46.020084 2.196411
46.299683 2.318393
46.338219 2.389158
46.326408 2.305049
46.325096 2.362992
46.248699 2.324116
46.133244 2.073774
53.774158 2.278095
53.723347 2.222811
46.312340 2.376305
46.326565 2.354792
46.518192 2.318413
46.120926 2.180376
46.167999 2.323935
46.421059 2.300060
46.270145 2.306849
46.283066 2.424748
53.783287 2.226603
46.394257 2.313756
46.148739 2.314031
46.289669 2.402465
46.407852 2.323454
46.156975 2.127085
46.192379 2.324080
46.489967 2.362714
46.292519 2.439684
46.120926 2.180376
46.115028 2.315870
46.211815 2.329681
46.386299 2.355375
46.209919 2.333617
46.363850 2.415457
46.387455 2.320172
46.308350 2.385590
46.351929 2.303355
46.328804 2.337062
46.148655 2.321017
46.320072 2.396939
46.423962 2.320068
53.727516 2.213074
46.346779 2.315103
46.342438 2.326821
46.106747 2.123088
46.418533 2.328992
46.276188 2.421205
46.305943 2.373400
46.101952 2.314498
46.308777 2.349956
46.233192 2.346443
46.352829 2.281140
46.394257 2.313756
46.297512 2.330297
46.063622 2.203870
46.451820 2.314280
46.245663 2.397101
46.252758 2.334165
46.404819 2.341898
46.312740 2.343428
46.388969 2.241222
46.345299 2.269465
46.464088 2.282980
46.297878 2.423172
46.370850 2.310412
46.346149 2.311375
46.254044 2.430377
46.107002 2.343779
46.372490 2.341166
46.352573 2.357056
46.202667 2.329444
46.326424 2.327483
46.349731 2.277711
46.217373 2.312119
53.833435 2.286253
46.325096 2.362992
46.209919 2.333617
46.300491 2.378092
46.389240 2.339993
46.308842 2.373814
46.399509 2.396167
46.490288 2.308455
46.143677 2.322424
46.363144 2.403096
46.407486 2.321671
53.825562 2.280167
46.320526 2.378140
46.259323 2.428308
46.290409 2.425275
46.384903 2.409567
46.157166 2.042912
46.280979 2.355521
46.259296 2.418056
46.067520 2.181437
46.254044 2.430377
46.272404 2.316987
46.186970 2.313977
46.301758 2.324898
53.754814 2.219862
46.457066 2.306224
46.314682 2.436952
46.518192 2.318413
46.344818 2.312528
46.145912 2.334559
46.294407 2.358461
46.140903 2.319199
46.452030 2.304712
46.209919 2.333617
46.280979 2.355521
53.711311 2.219513
46.341225 2.340314
46.278793 2.312919
46.345119 2.302218
46.290653 2.420272
46.354786 2.281324
46.285461 2.397931
46.436546 2.308105
46.203529 2.329469
46.323982 2.342710
46.335567 2.303434
46.405651 2.398532
46.312679 2.325775
46.289116 2.357871
46.373425 2.352440
46.316231 2.323461
46.387455 2.320172
46.181541 2.327494
46.389240 2.339993
46.025196 2.147627
46.281296 2.326346
46.381172 2.288026
46.161243 2.126469
46.356960 2.351614
46.314682 2.436952
46.303806 2.424086
46.076687 2.309973
46.289944 2.383219
46.200573 2.326909
46.319599 2.380729
46.273697 2.324125
46.431210 2.323743
46.251839 2.080375
46.177288 2.372291
46.485756 2.322871
53.767605 2.217218
46.302628 2.357148
46.273483 2.317903
46.277287 2.365891
46.424702 2.320566
46.323982 2.342710
46.298519 2.359681
46.322273 2.302701
46.327183 2.305748
46.344734 2.295320
46.320526 2.378140
46.288235 2.318841
46.315643 2.373240
46.243053 2.290373
53.773041 2.227479
46.316254 2.381871
46.287609 2.364920
46.113369 2.318296
46.315331 2.328774
46.444538 2.325195
46.359951 2.270266
46.131901 2.365419
46.256618 2.431957
53.796505 2.274363
46.259323 2.428308
46.258759 2.422116
46.078888 2.109169
46.108322 2.124266
46.108322 2.124266
46.106747 2.123088
46.312740 2.343428
46.155464 2.129239
46.297035 2.320574
46.303802 2.366843
46.296227 2.368469
46.311543 2.333970
46.293350 2.331808
46.289783 2.356097
46.248699 2.324116
53.800690 2.280334
46.274422 2.312417
46.259319 2.371462
46.229839 2.343461
46.327873 2.376489
46.355785 2.355453
46.212925 2.317956
46.144695 2.298512
46.436546 2.308105
46.055084 2.187580
46.280979 2.355521
46.281296 2.326346
46.266426 2.287194
46.078888 2.109169
46.326046 2.389106
46.365097 2.270231
46.290222 2.395774
46.314060 2.387249
46.359955 2.280176
46.325096 2.362992
53.813820 2.229935
53.727516 2.213074
46.209877 2.257902
46.299690 2.331574
46.256618 2.431957
46.391895 2.355525
46.120926 2.180376
46.372967 2.351363
46.256355 2.417607
46.348530 2.337813
46.404819 2.341898
46.387455 2.320172
46.284653 2.327855
46.360054 2.356980
46.277901 2.354066
46.256084 2.399834
46.451820 2.314280
46.213646 2.335350
46.394257 2.313756
46.355637 2.348712
46.280979 2.355521
46.176353 2.328351
46.290524 2.380799
46.161537 2.325495
46.167999 2.323935
46.152100 2.321537
46.452030 2.304712
46.254044 2.430377
46.315235 2.385678
46.265652 2.323453
46.341957 2.312644
46.286823 2.324280
46.187035 2.128897
46.245907 2.305827
46.464710 2.248859
46.242771 2.379838
46.342224 2.330261
46.321522 2.379508
46.475891 2.337132
46.134972 2.029923
46.063622 2.203870
46.314144 2.370900
46.323620 2.345654
46.180172 2.302777
46.321678 2.377555
46.315643 2.373240
46.269623 2.324846
46.488297 2.313107
46.384903 2.409567
46.272404 2.316987
46.258076 2.318073
46.318470 2.336071
46.294132 2.327935
46.203529 2.329469
46.460739 2.314571
46.349396 2.354823
46.336838 2.374681
46.313473 2.289103
46.265701 2.338394
46.277939 2.377598
46.349731 2.277711
46.078888 2.109169
46.396606 2.422416
46.328350 2.341996
46.141891 2.316922
46.463177 2.302203
46.407486 2.321671
53.790058 2.268887
46.436546 2.308105
46.389240 2.339993
46.326424 2.327483
46.394257 2.313756
46.256618 2.431957
46.251472 2.387394
53.833435 2.286253
46.202396 2.329073
53.727516 2.213074
46.129345 2.365530
46.330200 2.388639
46.162006 2.076483
46.289024 2.333523
46.343567 2.380360
46.076687 2.309973
46.338219 2.389158
46.324921 2.337892
46.317062 2.388972
46.263371 2.324501
46.363106 2.313694
46.212925 2.317956
46.063622 2.203870
46.347115 2.348250
46.343567 2.380360
46.300251 2.353827
53.798954 2.232090
46.299976 2.366543
46.429310 2.294307
46.276188 2.421205
46.529404 2.379727
46.281296 2.326346
46.248035 2.323722
46.481567 2.313936
46.290192 2.323415
46.294132 2.327935
46.358292 2.342012
53.820408 2.279180
46.049099 2.203702
46.332115 2.289999
46.292801 2.359865
46.297718 2.325264
53.773903 2.263691
46.379234 2.287893
46.386887 2.342167
46.234627 2.374166
46.326408 2.305049
46.388969 2.241222
46.300064 2.324322
46.337700 2.342387
46.309055 2.360567
46.290653 2.420272
46.388969 2.241222
46.439987 2.324212
46.291759 2.299737
46.308510 2.359573
46.291504 2.365320
46.388969 2.241222
46.285461 2.397931
46.284561 2.356085
46.057365 2.179152
46.292519 2.439684
46.346497 2.310793
46.328568 2.358001
46.272663 2.423878
46.401268 2.344824
46.168171 2.325625
46.196804 2.315503
46.299988 2.380265
46.308510 2.359573
53.515121 2.503693
46.277584 2.322866
46.280979 2.355521
46.319599 2.380729
46.346779 2.315103
46.188194 2.341225
46.344818 2.312528
46.334949 2.343562
46.391895 2.355525
46.324997 2.303585
46.181835 2.273045
46.306107 2.328677
46.360477 2.351110
46.353161 2.316672
46.365227 2.269707
46.188194 2.341225
46.248035 2.323722
46.365227 2.269707
46.270145 2.306849
46.298561 2.400721
46.187424 2.324346
46.143131 2.321579
46.314819 2.339173
53.727516 2.213074
46.356960 2.351614
46.290222 2.395774
46.313923 2.341839
46.349396 2.354823
46.253563 2.322048
46.338219 2.389158
46.276691 2.353205
46.262039 2.337633
46.312740 2.343428
46.340355 2.409265
46.169083 2.305254
46.248699 2.324116
46.106747 2.123088
46.342438 2.326821
46.285683 2.356014
46.251820 2.348688
46.396946 2.421331
46.186970 2.313977
46.281445 2.354367
46.357090 2.302193
46.352829 2.281140
46.148739 2.314031
46.067173 2.332132
46.315838 2.336259
46.429310 2.294307
46.339790 2.264870
46.256618 2.431957
46.309116 2.366824
46.272404 2.316987
46.407852 2.323454
46.203529 2.329469
46.312679 2.325775
46.485756 2.322871
46.386299 2.355375
46.387844 2.286057
46.276188 2.421205
46.242771 2.379838
46.263371 2.324501
46.355667 2.281738
46.300064 2.324322
46.342216 2.382769
46.285213 2.370384
46.282578 2.334776
46.407852 2.323454
46.237370 2.309772
46.297035 2.320574
46.288155 2.423636
46.333588 2.350635
46.475891 2.337132
46.340355 2.409265
46.266426 2.287194
46.323006 2.425324
46.332016 2.347883
46.322273 2.302701
46.297512 2.330297
53.819347 2.279829
53.760647 2.223792
46.076687 2.309973
46.485756 2.322871
46.347557 2.311453
46.256355 2.417607
46.052593 2.205974
46.305943 2.373400
46.355637 2.348712
46.355637 2.348712
46.429310 2.294307
46.266426 2.287194
46.277584 2.322866
46.155464 2.129239
46.265678 2.429668
46.405453 2.398471
53.784748 2.269585
46.373917 2.345451
46.087528 2.115215
46.365227 2.269707
46.106407 2.056841
46.389240 2.339993
53.815720 2.278214
46.387844 2.286057
46.352573 2.357056
46.321873 2.309737
46.167999 2.323935
46.141891 2.316922
53.819347 2.279829
46.529404 2.379727
46.162006 2.076483
46.322273 2.302701
46.162006 2.076483
46.347557 2.311453
46.412960 2.318109
46.152100 2.321537
46.172157 2.340296
46.087528 2.115215
46.426235 2.327483
46.331108 2.288928
46.083618 2.189003
46.177288 2.372291
46.361980 2.350815
46.232018 2.319709
46.338387 2.292714
46.357090 2.302193
46.271675 2.420786
46.426018 2.319897
46.270733 2.318949
46.400913 2.356486
46.326424 2.327483
46.381172 2.288026
46.289490 2.398445
46.296185 2.363998
46.266495 2.316536
46.420471 2.328555
46.418873 2.326005
46.338238 2.296702
46.349396 2.354823
46.063622 2.203870
46.405651 2.398532
46.325932 2.395115
46.265678 2.429668
46.312679 2.325775
46.388969 2.241222
46.394257 2.313756
46.323006 2.425324
53.727516 2.213074
46.148739 2.314031
46.429310 2.294307
46.297035 2.320574
46.326424 2.327483
46.340279 2.383575
46.336838 2.374681
46.310299 2.357641
46.071861 2.310702
46.259323 2.428308
46.305317 2.341049
46.518192 2.318413
46.113369 2.318296
46.266300 2.323061
46.326046 2.389106
46.303806 2.424086
46.349731 2.277711
46.292801 2.359865
46.296227 2.368469
46.348530 2.337813
46.025196 2.147627
46.264977 2.355643
46.349575 2.344414
46.289490 2.398445
46.398506 2.422219
46.098064 2.317443
46.148655 2.321017
46.281914 2.364956
46.326408 2.305049
46.242771 2.379838
46.172157 2.340296
46.247112 2.371471
46.429310 2.294307
46.278793 2.312919
46.101952 2.314498
46.346313 2.317196
46.297512 2.330297
46.087528 2.115215
46.297878 2.423172
46.278793 2.312919
46.276188 2.421205
46.344429 2.301970
46.187035 2.128897
46.163139 2.338401
46.202396 2.329073
46.311504 2.383806
46.225735 2.076748
46.372627 2.352218
46.404205 2.412962
46.099430 2.315845
46.396961 2.343096
46.312679 2.325775
46.063622 2.203870
46.290524 2.380799
46.302402 2.428932
46.217445 2.341976
46.180172 2.302777
46.113258 2.038887
46.310432 2.361324
46.423962 2.320068
46.296272 2.338770
46.344429 2.301970
46.157166 2.042912
46.258076 2.318073
46.344818 2.312528
46.333900 2.298673
46.421059 2.300060
46.169842 2.328855
46.113579 2.237034
46.057365 2.179152
46.355396 2.348476
46.405651 2.398532
46.126553 2.366367
46.325096 2.362992
46.293350 2.331808
46.347504 2.333108
46.368752 2.350614
53.798767 2.275784
46.391121 2.358580
46.326225 2.400431
46.067173 2.332132
46.296272 2.338770
46.052593 2.205974
46.171043 2.322261
46.416260 2.246993
46.063622 2.203870
46.412960 2.318109
46.332115 2.289999
46.160580 2.059215
46.333900 2.298673
53.783287 2.226603
46.452030 2.304712
46.143131 2.321579
46.248699 2.324116
46.164909 2.305386
46.288235 2.318841
53.783287 2.226603
46.389240 2.339993
46.414085 2.295133
53.833435 2.286253
46.416260 2.246993
46.360573 2.349980
46.343567 2.380360
46.038555 2.185623
46.311504 2.383806
46.297066 2.380039
46.338219 2.389158
46.321678 2.377555
46.429310 2.294307
46.189293 2.333235
46.265652 2.323453
46.307735 2.348128
46.391121 2.358580
46.171043 2.322261
46.312290 2.361918
46.388969 2.241222
46.344429 2.301970
46.340279 2.383575
46.087528 2.115215
46.322273 2.302701
46.276188 2.421205
46.285683 2.356014
46.291759 2.299737
46.187424 2.324346
46.355080 2.349085
46.338238 2.296702
46.457066 2.306224
46.277584 2.322866
46.331108 2.288928
46.511200 2.324613
46.330547 2.365242
46.303802 2.366843
46.387455 2.320172
46.386887 2.342167
46.310432 2.361324
46.247112 2.371471
53.711311 2.219513
46.265678 2.429668
46.323006 2.425324
46.326408 2.305049
46.296227 2.368469
46.338577 2.324944
46.316254 2.381871
46.132462 2.062953
46.320526 2.378140
46.405651 2.398532
46.310829 2.369845
46.337345 2.290779
46.476822 2.306291
46.259323 2.428308
46.290409 2.425275
46.350147 2.354681
46.162006 2.076483
46.254105 2.322163
46.152821 2.317864
46.352573 2.357056
46.359077 2.401720
46.209602 2.331362
46.256618 2.431957
46.344818 2.312528
46.292519 2.439684
46.265652 2.323453
46.278473 2.423849
46.285683 2.356014
46.265976 2.317928
46.134972 2.029923
45.992100 2.213941
53.825562 2.280167
46.361973 2.351521
46.331669 2.266641
46.148655 2.321017
46.350471 2.269103
46.327183 2.305748
46.401134 2.286628
46.451820 2.314280
46.367950 2.351127
46.330547 2.365242
46.338902 2.409622
46.349731 2.277711
46.290222 2.395774
46.384388 2.391480
46.485611 2.311568
46.347496 2.342919
46.327183 2.305748
53.798767 2.275784
46.364189 2.338414
53.800598 2.228542
46.281818 2.377332
46.357090 2.302193
46.266426 2.287194
46.328354 2.346930
46.344818 2.312528
46.316071 2.341993
46.263371 2.324501
53.767605 2.217218
46.155621 2.319550
46.360992 2.281946
46.265701 2.338394
46.376545 2.353104
46.488297 2.313107
46.371445 2.415396
46.357517 2.358621
46.191509 2.329353
46.227013 2.319534
46.170223 2.301557
46.299988 2.380265
46.281445 2.354367
46.323006 2.425324
46.127724 2.318554
46.457066 2.306224
46.060143 2.155735
46.321629 2.359834
46.310459 2.261841
46.086922 2.315846
46.322632 2.371275
46.310612 2.330344
46.256084 2.399834
46.407852 2.323454
46.225735 2.076748
46.122227 2.056843
46.303802 2.366843
46.302628 2.357148
46.338219 2.389158
46.291504 2.365320
53.727516 2.213074
46.389240 2.339993
45.992100 2.213941
46.349400 2.355984
46.345119 2.302218
46.407852 2.323454
46.063622 2.203870
46.300301 2.374771
46.331108 2.288928
46.368797 2.391335
46.420471 2.328555
46.324184 2.378991
46.335567 2.303434
46.291504 2.365320
46.136185 2.200925
53.783287 2.226603
46.277615 2.422472
46.297878 2.423172
46.076687 2.309973
46.534187 2.354042
46.311504 2.383806
46.404205 2.412962
46.289177 2.259186
46.265644 2.284538
46.299683 2.318393
46.310299 2.357641
46.134972 2.029923
46.388969 2.241222
46.438606 2.324080
46.268745 2.419668
46.299683 2.318393
46.339836 2.403187
46.409210 2.290378
46.266426 2.287194
46.187424 2.324346
46.398342 2.315434
46.262417 2.364356
46.350536 2.278869
46.320568 2.396352
46.160580 2.059215
46.274410 2.334844
46.183865 2.326986
46.078888 2.109169
46.302402 2.428932
46.307735 2.348128
46.349575 2.344414
46.310612 2.330344
46.457066 2.306224
46.171043 2.322261
46.305065 2.355793
46.304790 2.337948
46.192715 2.315426
46.323006 2.425324
46.200573 2.326909
46.251820 2.348688
46.391121 2.358580
46.314060 2.387249
46.476822 2.306291
46.256355 2.417607
46.265678 2.429668
53.860622 2.296674
46.237370 2.309772
46.202396 2.329073
46.360477 2.412902
46.305317 2.341049
46.343044 2.313060
46.398342 2.315434
46.265678 2.429668
46.271137 2.318134
46.278473 2.423849
46.292305 2.373150
46.293797 2.338156
46.185665 2.321294
46.129555 2.296060
46.160580 2.059215
46.344769 2.384357
46.339790 2.264870
46.346725 2.268866
46.290222 2.395774
46.347504 2.333108
46.315205 2.325344
46.328568 2.358001
46.489967 2.362714
46.316120 2.369855
46.271675 2.420786
46.120926 2.180376
46.327198 2.360866
46.349731 2.277711
46.343044 2.313060
46.338387 2.292714
46.052593 2.205974
46.343197 2.366987
46.265678 2.429668
46.297035 2.320574
46.360477 2.412902
46.518192 2.318413
46.340355 2.409265
46.511200 2.324613
46.280521 2.327306
46.349400 2.355984
46.407852 2.323454
46.267063 2.338097
46.299683 2.318393
46.060143 2.155735
46.335701 2.330440
46.294884 2.425422
46.326565 2.354792
45.995049 2.195753
46.155464 2.129239
46.389240 2.339993
46.297958 2.356124
46.212463 2.333211
46.518192 2.318413
46.343044 2.313060
46.344818 2.312528
46.063622 2.203870
46.350018 2.311869
46.344818 2.312528
46.449272 2.328586
46.285461 2.397931
46.306107 2.328677
46.407852 2.323454
46.288589 2.423913
46.297718 2.325264
46.343056 2.280335
46.251820 2.348688
46.063622 2.203870
46.312679 2.325775
46.183514 2.129793
46.276344 2.329117
46.316212 2.359447
46.349575 2.344414
46.322632 2.371275
46.388969 2.241222
46.276188 2.421205
46.511200 2.324613
46.323006 2.425324
46.200382 2.078315
46.431210 2.323743
46.364189 2.338414
46.365440 2.385772
46.055084 2.187580
46.281624 2.328209
46.272404 2.316987
46.186558 2.313247
46.268745 2.419668
46.180172 2.302777
46.169163 2.240376
46.314819 2.339173
46.256618 2.431957
46.071861 2.310702
46.342224 2.330261
46.339268 2.303355
46.134972 2.029923
46.407852 2.323454
46.321522 2.379508
46.120926 2.180376
46.108322 2.124266
46.113579 2.237034
46.331295 2.360916
46.426018 2.319897
46.342224 2.330261
46.036217 2.318316
46.124752 2.127376
46.389240 2.339993
53.796505 2.274363
46.349575 2.344414
46.145912 2.334559
46.255344 2.321160
46.293797 2.338156
53.727516 2.213074
46.296036 2.420847
46.451820 2.314280
46.353298 2.345696
46.285172 2.328399
46.349396 2.354823
46.266426 2.287194
46.279865 2.405442
46.314682 2.436952
46.276188 2.421205
46.265274 2.358344
46.339790 2.264870
46.285522 2.376989
46.297878 2.423172
46.266426 2.287194
46.342438 2.326821
46.282387 2.373158
46.333900 2.298673
46.330811 2.363224
46.108322 2.124266
46.320526 2.378140
46.200573 2.326909
46.256355 2.417607
46.350536 2.278869
46.171043 2.322261
46.360992 2.281946
46.248093 2.307324
46.297066 2.380039
46.255344 2.321160
46.405651 2.398532
46.247112 2.371471
46.526054 2.349611
46.407852 2.323454
46.495186 2.297406
46.360573 2.349980
46.338387 2.292714
46.310299 2.357641
46.020084 2.196411
46.067173 2.332132
46.260342 2.420881
46.255344 2.321160
46.424702 2.320566
46.002388 2.161253
46.180172 2.302777
46.338238 2.296702
46.360992 2.281946
46.328476 2.362364
53.754814 2.219862
46.387054 2.343372
46.322273 2.302701
46.299652 2.358879
46.190521 2.130672
46.169163 2.240376
46.296227 2.368469
46.203529 2.329469
46.344429 2.301970
46.344818 2.312528
53.760647 2.223792
46.212925 2.317956
46.187035 2.128897
46.287556 2.373685
46.381172 2.288026
46.343567 2.380360
46.325096 2.362992
46.115028 2.315870
46.398342 2.315434
46.334530 2.340014
53.773903 2.263691
46.279865 2.405442
46.300301 2.374771
46.155464 2.129239
46.151920 2.321512
46.336330 2.343081
46.266426 2.287194
46.353161 2.316672
46.067173 2.332132
46.327282 2.374333
46.343418 2.314869
46.383850 2.285315
46.186970 2.313977
46.259357 2.351056
46.323006 2.425324
46.289658 2.328132
46.209919 2.333617
46.163864 2.327203
46.229839 2.343461
46.353298 2.345696
46.436733 2.352209
46.259323 2.428308
46.389240 2.339993
46.347557 2.311453
46.203529 2.329469
46.342438 2.326821
53.825562 2.280167
46.325932 2.395115
46.256618 2.431957
46.293247 2.395710
46.267063 2.338097
46.316071 2.341993
46.344429 2.301970
46.292519 2.439684
46.368938 2.283245
46.063622 2.203870
46.346497 2.310793
46.351124 2.283033
46.441921 2.330020
46.265274 2.358344
46.309303 2.289147
46.302402 2.428932
46.347557 2.311453
46.189293 2.333235
46.144466 2.311860
46.407852 2.323454
46.269020 2.352391
46.330547 2.365242
46.324184 2.378991
46.339268 2.303355
46.162006 2.076483
46.305317 2.341049
46.350536 2.278869
46.326046 2.389106
46.344769 2.384357
46.326611 2.341963
46.321522 2.379508
46.347610 2.351419
46.099430 2.315845
46.394257 2.313756
46.376022 2.354881
46.129345 2.365530
46.353161 2.316672
46.124752 2.127376
46.186970 2.313977
46.355637 2.348712
46.320072 2.396939
46.297066 2.380039
46.344734 2.295320
46.316254 2.381871
46.253563 2.322048
53.760647 2.223792
46.169163 2.240376
46.259357 2.351056
46.338387 2.292714
46.248035 2.323722
46.186558 2.313247
46.340279 2.383575
46.067173 2.332132
46.199211 2.330325
46.368752 2.350614
46.478092 2.338101
46.296227 2.368469
46.245743 2.367121
46.323006 2.425324
46.311504 2.383806
46.349731 2.277711
46.303806 2.424086
46.254105 2.322163
46.383057 2.362816
46.349396 2.354823
46.219189 2.311613
46.297958 2.356124
46.297718 2.325264
46.312679 2.325775
46.389240 2.339993
46.405933 2.320843
53.777554 2.225570
46.367264 2.282705
46.518192 2.318413
46.183865 2.326986
46.276188 2.421205
46.256084 2.399834
46.269436 2.438095
46.388969 2.241222
46.457066 2.306224
46.155464 2.129239
46.394257 2.313756
46.359955 2.280176
46.296227 2.368469
46.104939 2.344698
46.310299 2.357641
46.282406 2.327200
46.368374 2.313624
46.344818 2.312528
46.330547 2.365242
46.340279 2.383575
46.134972 2.029923
46.332016 2.347883
46.254044 2.430377
46.203529 2.329469
46.379234 2.287893
46.115028 2.315870
46.266426 2.287194
46.394257 2.313756
46.285461 2.397931
46.315235 2.385678
46.356960 2.351614
46.279705 2.428516
46.167999 2.323935
46.409210 2.290378
46.343567 2.380360
46.296890 2.425280
46.289116 2.357871
46.361973 2.351521
46.311543 2.333970
46.401268 2.344824
46.132462 2.062953
46.003410 2.158811
46.302216 2.338557
46.352573 2.357056
46.263103 2.385081
46.398506 2.422219
46.318039 2.374866
46.203529 2.329469
46.042767 2.318877
46.303802 2.366843
46.303802 2.366843
46.344818 2.312528
46.129555 2.296060
46.320526 2.378140
46.291759 2.299737
46.288155 2.423636
46.297878 2.423172
46.444538 2.325195
46.326046 2.389106
46.342075 2.330621
53.757988 2.221071
46.324184 2.378991
46.234985 2.326004
46.256084 2.399834
46.331295 2.360916
46.396961 2.343096
46.331669 2.266641
53.833435 2.286253
46.362129 2.349626
46.407852 2.323454
46.262039 2.337633
46.120926 2.180376
46.324184 2.378991
46.457066 2.306224
46.145676 2.368665
46.364189 2.338414
46.444538 2.325195
46.120926 2.180376
46.281296 2.322006
46.161537 2.325495
46.063622 2.203870
46.144695 2.298512
46.534187 2.354042
46.290222 2.395774
46.254410 2.329924
53.727516 2.213074
46.280521 2.327306
46.347496 2.342919
46.113369 2.318296
46.326611 2.341963
53.515121 2.503693
46.349396 2.354823
46.265678 2.429668
46.388969 2.241222
46.139557 2.367520
46.353981 2.356128
46.346779 2.315103
46.300064 2.324322
46.318039 2.374866
46.389240 2.339993
46.310299 2.357641
46.326046 2.389106
53.798767 2.275784
46.324921 2.337892
46.340279 2.383575
46.358654 2.338848
46.203529 2.329469
46.269623 2.324846
46.342438 2.326821
46.360992 2.281946
46.320526 2.378140
46.331108 2.288928
46.330296 2.372329
46.071861 2.310702
46.324184 2.378991
46.268745 2.419668
46.405453 2.398471
46.333588 2.350635
46.312290 2.361918
46.383057 2.362816
46.368938 2.283245
46.322632 2.371275
46.225735 2.076748
46.263371 2.324501
46.326046 2.389106
53.767605 2.217218
46.294861 2.389149
46.251820 2.348688
46.353737 2.284105
46.335567 2.303434
46.389240 2.339993
46.343567 2.380360
46.373425 2.352440
46.344769 2.384357
46.191509 2.329353
46.441921 2.330020
46.306107 2.328677
46.271675 2.420786
46.310432 2.361324
46.336330 2.343081
46.416267 2.318719
46.296227 2.368469
46.488297 2.313107
46.291065 2.377138
46.297066 2.380039
46.271137 2.318134
46.232018 2.319709
46.019112 2.162332
46.143513 2.311532
46.212463 2.333211
46.049099 2.203702
46.421059 2.300060
46.343418 2.314869
46.183514 2.129793
46.129345 2.365530
46.276188 2.421205
46.389240 2.339993
46.312679 2.325775
46.311504 2.383806
46.312679 2.325775
46.312740 2.343428
46.317062 2.388972
46.286945 2.330630
46.284561 2.356085
53.798954 2.232090
46.488297 2.313107
46.294884 2.425422
46.373425 2.352440
46.310432 2.361324
46.268776 2.311763
46.203529 2.329469
46.266426 2.287194
46.306107 2.328677
46.155464 2.129239
46.302402 2.428932
46.211815 2.329681
46.363106 2.313694
46.299553 2.320350
46.315838 2.336259
46.186970 2.313977
46.391121 2.358580
46.120926 2.180376
46.040989 2.211518
46.383057 2.362816
46.078888 2.109169
46.209602 2.331362
53.773041 2.227479
46.286823 2.324280
46.323006 2.425324
46.349575 2.344414
46.324940 2.352028
46.349396 2.354823
46.346779 2.315103
46.269020 2.352391
46.398342 2.315434
46.357235 2.314510
46.312679 2.325775
46.407852 2.323454
46.414085 2.295133
46.297066 2.380039
46.219189 2.311613
46.346497 2.310793
46.276188 2.421205
46.106747 2.123088
46.067173 2.332132
46.162006 2.076483
46.296227 2.368469
46.404205 2.412962
46.349274 2.345035
46.353161 2.316672
46.340279 2.383575
46.212925 2.317956
46.241913 2.389246
46.279865 2.405442
46.436546 2.308105
46.426018 2.319897
46.349396 2.354823
46.202396 2.329073
46.169163 2.240376
46.326424 2.327483
46.209152 2.319866
46.351124 2.283033
46.142223 2.300799
46.414085 2.295133
46.120926 2.180376
46.327183 2.305748
46.436546 2.308105
53.833435 2.286253
46.344818 2.312528
46.315331 2.328774
46.383057 2.362816
46.247112 2.371471
46.342438 2.326821
46.331669 2.266641
46.310829 2.369845
46.310299 2.357641
46.265678 2.429668
46.348530 2.337813
46.416260 2.246993
46.407852 2.323454
46.320526 2.378140
46.330296 2.372329
46.327183 2.305748
46.338238 2.296702
46.314091 2.336411
46.352573 2.357056
46.321629 2.359834
46.268745 2.419668
46.172157 2.340296
46.183865 2.326986
46.353161 2.316672
46.343567 2.380360
46.108322 2.124266
46.394257 2.313756
46.463295 2.242861
46.336838 2.374681
46.202667 2.329444
46.167999 2.323935
46.338219 2.389158
46.357090 2.302193
46.219189 2.311613
46.297035 2.320574
46.328354 2.346930
46.297035 2.320574
46.363106 2.313694
46.326046 2.389106
46.353161 2.316672
46.322273 2.302701
46.277939 2.377598
46.349575 2.344414
46.126553 2.366367
46.063622 2.203870
46.227013 2.319534
46.333588 2.350635
46.212463 2.333211
46.407852 2.323454
46.407852 2.323454
46.334530 2.340014
46.320526 2.378140
46.315235 2.385678
46.344818 2.312528
46.327183 2.305748
46.355785 2.355453
46.353127 2.410850
46.131901 2.365419
46.076065 2.319968
46.339268 2.303355
46.488297 2.313107
46.338387 2.292714
45.992100 2.213941
46.349731 2.277711
46.297878 2.423172
46.078888 2.109169
46.330547 2.365242
46.331295 2.360916
46.389240 2.339993
46.349396 2.354823
46.219189 2.311613
46.361633 2.282385
46.347557 2.311453
46.370979 2.406246
46.310432 2.361324
46.162006 2.076483
46.241913 2.389246
46.444538 2.325195
53.779568 2.267078
46.323982 2.342710
46.187035 2.128897
46.071861 2.310702
46.323006 2.425324
46.113369 2.318296
46.256084 2.399834
46.338219 2.389158
46.322632 2.371275
46.383850 2.285315
46.376225 2.354378
46.345875 2.368950
46.389240 2.339993
46.151920 2.321512
46.078888 2.109169
46.232018 2.319709
46.272663 2.423878
46.187035 2.128897
46.113369 2.318296
46.327183 2.305748
46.312340 2.376305
46.353981 2.356128
46.248131 2.333536
46.019112 2.162332
46.325096 2.362992
46.254044 2.430377
46.252758 2.334165
46.071861 2.310702
46.343044 2.313060
46.463329 2.285262
46.322632 2.371275
46.196804 2.315503
46.276188 2.421205
46.265678 2.429668
46.339268 2.303355
46.323006 2.425324
46.327343 2.432945
46.290653 2.420272
46.254044 2.430377
53.767605 2.217218
46.120926 2.180376
46.248035 2.323722
46.376545 2.353104
46.269623 2.324846
46.312740 2.343428
46.284561 2.356085
46.331295 2.360916
46.389240 2.339993
46.284561 2.356085
46.326611 2.341963
46.076687 2.309973
46.268776 2.311763
46.387844 2.286057
46.412960 2.318109
46.332115 2.289999
46.316071 2.341993
46.122227 2.056843
46.316120 2.369855
46.115028 2.315870
46.187035 2.128897
46.297878 2.423172
46.361980 2.350815
46.340279 2.383575
46.340733 2.329374
46.319599 2.380729
46.424702 2.320566
53.774158 2.278095
46.232018 2.319709
46.488297 2.313107
46.394257 2.313756
46.293350 2.331808
46.227013 2.319534
46.134731 2.040022
46.276188 2.421205
46.396946 2.421331
46.297878 2.423172
46.289490 2.398445
46.388969 2.241222
46.251472 2.387394
46.160580 2.059215
46.394257 2.313756
46.172157 2.340296
46.234985 2.326004
46.269623 2.324846
46.457066 2.306224
46.268745 2.419668
46.291759 2.299737
46.284561 2.356085
46.438606 2.324080
46.343567 2.380360
46.169163 2.240376
46.290222 2.395774
46.367130 2.359773
46.277901 2.354066
46.408630 2.420705
46.157631 2.314351
46.346779 2.315103
46.387844 2.286057
46.265678 2.429668
46.323006 2.425324
46.299553 2.320350
46.353737 2.284105
46.180172 2.302777
46.219189 2.311613
46.338238 2.296702
46.297878 2.423172
46.188194 2.341225
46.353981 2.356128
46.313923 2.341839
46.322632 2.371275
46.219189 2.311613
46.322273 2.302701
46.416260 2.246993
46.388969 2.241222
46.169163 2.240376
46.187424 2.324346
46.394257 2.313756
46.169163 2.240376
46.344818 2.312528
46.189178 2.316039
46.358948 2.309320
46.320072 2.396939
46.322632 2.371275
46.297512 2.330297
46.381172 2.288026
46.143677 2.322424
46.087528 2.115215
46.379234 2.287893
46.155621 2.319550
46.174511 2.328474
46.338219 2.389158
46.297066 2.380039
46.401134 2.286628
46.272663 2.423878
46.338902 2.409622
46.225735 2.076748
46.286823 2.324280
46.526054 2.349611
46.332115 2.289999
46.071861 2.310702
46.040989 2.211518
46.386299 2.355375
46.444538 2.325195
46.457066 2.306224
46.189293 2.333235
46.346497 2.310793
46.344818 2.312528
46.451820 2.314280
46.297878 2.423172
46.388969 2.241222
46.171043 2.322261
46.314819 2.339173
46.278473 2.423849
46.326424 2.327483
46.408630 2.420705
46.360992 2.281946
46.349575 2.344414
46.160580 2.059215
46.273697 2.324125
46.186970 2.313977
46.326424 2.327483
46.279865 2.405442
46.311543 2.333970
46.343567 2.380360
53.767605 2.217218
46.302402 2.428932
46.293247 2.395710
46.311543 2.333970
46.287609 2.364920
46.342205 2.344686
46.108322 2.124266
46.291504 2.365320
46.251820 2.348688
46.248035 2.323722
46.418533 2.328992
46.200573 2.326909
46.350536 2.278869
46.309116 2.366824
46.330547 2.365242
46.293350 2.331808
46.274410 2.334844
46.319599 2.380729
46.389240 2.339993
46.316071 2.341993
46.452030 2.304712
46.326046 2.389106
46.071861 2.310702
46.020084 2.196411
46.145912 2.334559
46.203529 2.329469
46.327282 2.374333
46.280521 2.327306
46.229839 2.343461
46.357090 2.302193
46.299690 2.331574
46.129555 2.296060
46.387844 2.286057
46.407486 2.321671
46.319599 2.380729
46.457066 2.306224
53.767605 2.217218
46.297066 2.380039
46.296227 2.368469
46.358948 2.309320
46.106747 2.123088
53.767605 2.217218
46.309116 2.366824
53.800690 2.280334
46.344818 2.312528
46.488297 2.313107
53.767605 2.217218
46.126553 2.366367
46.108322 2.124266
46.353127 2.410850
46.101952 2.314498
46.336838 2.374681
46.405453 2.398471
46.292801 2.359865
46.315838 2.336259
46.315331 2.328774
53.821972 2.285478
46.293247 2.395710
46.490288 2.308455
46.181835 2.273045
46.347557 2.311453
53.767605 2.217218
46.048386 2.169020
46.297718 2.325264
46.327183 2.305748
46.113579 2.237034
46.321918 2.357256
53.711311 2.219513
46.280979 2.355521
53.773903 2.263691
46.304050 2.331047
46.297878 2.423172
46.391121 2.358580
46.242771 2.379838
46.310329 2.291695
46.052593 2.205974
46.242771 2.379838
46.342224 2.330261
46.258076 2.318073
46.326046 2.389106
46.349396 2.354823
46.225735 2.076748
46.219189 2.311613
46.256355 2.417607
46.191509 2.329353
46.320526 2.378140
46.142223 2.300799
46.426235 2.327483
46.429310 2.294307
46.388969 2.241222
46.332115 2.289999
46.258759 2.422116
53.767605 2.217218
46.326046 2.389106
46.019112 2.162332
46.276188 2.421205
46.388969 2.241222
46.327198 2.360866
46.394257 2.313756
46.157631 2.314351
46.383015 2.420020
46.383057 2.362816
46.310329 2.291695
46.285641 2.376360
46.311504 2.383806
46.296272 2.338770
46.344769 2.384357
46.311504 2.383806
46.394257 2.313756
46.265652 2.323453
46.405453 2.398471
46.278473 2.423849
46.285683 2.356014
53.758251 2.221954
46.161243 2.126469
46.297878 2.423172
53.783287 2.226603
46.324184 2.378991
46.143677 2.322424
46.330296 2.372329
46.344818 2.312528
46.357090 2.302193
46.306107 2.328677
46.115028 2.315870
46.326611 2.341963
46.314819 2.339173
46.326424 2.327483
46.242771 2.379838
46.396961 2.343096
46.444538 2.325195
46.332115 2.289999
46.346497 2.310793
46.330200 2.388639
46.171043 2.322261
46.389240 2.339993
46.203529 2.329469
46.167999 2.323935
46.361973 2.351521
46.401268 2.344824
46.405933 2.320843
46.368752 2.350614
46.349731 2.277711
46.297066 2.380039
46.293350 2.331808
46.438606 2.324080
46.302402 2.428932
46.488297 2.313107
46.297066 2.380039
46.314091 2.336411
46.251820 2.348688
46.488297 2.313107
53.711311 2.219513
46.212463 2.333211
53.727516 2.213074
46.526054 2.349611
46.133244 2.073774
46.291065 2.377138
46.113579 2.237034
46.326046 2.389106
46.344734 2.295320
46.247112 2.371471
46.349731 2.277711
46.297066 2.380039
53.758251 2.221954
46.412960 2.318109
46.344818 2.312528
46.360992 2.281946
46.078888 2.109169
46.355637 2.348712
46.444538 2.325195
46.322632 2.371275
53.774158 2.278095
46.349731 2.277711
46.157631 2.314351
46.278793 2.312919
46.338219 2.389158
46.293247 2.395710
46.333588 2.350635
46.297512 2.330297
46.339268 2.303355
46.259357 2.351056
46.259323 2.428308
46.279865 2.405442
46.266426 2.287194
46.416260 2.246993
46.333588 2.350635
46.344818 2.312528
46.386299 2.355375
46.431210 2.323743
46.314682 2.436952
46.344875 2.307369
46.488297 2.313107
46.407852 2.323454
46.353127 2.410850
46.383015 2.420020
46.317062 2.388972
46.281296 2.322006
46.394257 2.313756
46.284561 2.356085
46.311543 2.333970
46.270733 2.318949
46.280521 2.327306
46.311317 2.358680
46.381172 2.288026
46.388969 2.241222
46.157166 2.042912
46.276188 2.421205
46.331295 2.360916
46.347496 2.342919
46.120926 2.180376
46.349575 2.344414
46.172157 2.340296
46.310299 2.357641
46.404198 2.291943
46.323006 2.425324
46.387844 2.286057
46.338219 2.389158
46.368374 2.313624
46.321873 2.309737
46.357090 2.302193
46.245663 2.397101
46.426235 2.327483
46.338238 2.296702
46.349396 2.354823
46.297066 2.380039
46.389240 2.339993
46.245907 2.305827
46.325096 2.362992
46.423962 2.320068
46.057365 2.179152
46.276188 2.421205
46.353737 2.284105
46.297035 2.320574
46.038555 2.185623
46.302402 2.428932
46.187424 2.324346
46.449272 2.328586
46.162006 2.076483
46.171043 2.322261
46.248699 2.324116
46.353161 2.316672
46.057365 2.179152
53.758251 2.221954
46.389240 2.339993
46.426018 2.319897
46.418533 2.328992
46.285641 2.376360
46.343567 2.380360
46.120926 2.180376
46.266426 2.287194
46.265678 2.429668
46.381172 2.288026
46.280979 2.355521
46.326565 2.354792
53.774158 2.278095
46.019112 2.162332
46.407852 2.323454
53.791595 2.268354
46.286945 2.330630
46.391121 2.358580
46.299976 2.366543
46.265678 2.429668
46.152821 2.317864
46.326424 2.327483
46.326046 2.389106
46.331295 2.360916
46.142223 2.300799
46.308434 2.296529
46.386299 2.355375
46.183865 2.326986
46.271675 2.420786
46.299683 2.318393
46.113369 2.318296
46.347496 2.342919
46.078888 2.109169
46.308434 2.296529
46.078888 2.109169
46.293247 2.395710
46.157631 2.314351
46.040989 2.211518
46.049099 2.203702
46.254044 2.430377
46.322071 2.302358
46.302402 2.428932
46.313473 2.289103
46.234985 2.326004
46.388969 2.241222
46.389240 2.339993
46.076687 2.309973
53.767605 2.217218
46.189293 2.333235
46.327183 2.305748
46.421059 2.300060
46.290524 2.380799
46.350471 2.269103
46.343567 2.380360
46.209919 2.333617
46.076687 2.309973
46.132462 2.062953
46.266300 2.323061
46.241913 2.389246
46.277584 2.322866
46.288589 2.423913
46.404205 2.412962
46.381172 2.288026
46.325096 2.362992
46.299683 2.318393
46.086922 2.315846
46.120926 2.180376
46.113579 2.237034
46.188194 2.341225
46.309055 2.360567
53.757988 2.221071
46.313923 2.341839
46.143677 2.322424
46.294132 2.327935
46.457066 2.306224
46.342075 2.330621
46.316071 2.341993
46.351124 2.283033
46.120926 2.180376
46.416260 2.246993
46.343418 2.314869
46.152100 2.321537
46.172157 2.340296
46.325096 2.362992
46.316071 2.341993
46.127724 2.318554
46.143131 2.321579
46.367950 2.351127
46.457066 2.306224
46.388969 2.241222
46.426018 2.319897
46.331669 2.266641
46.171043 2.322261
46.247112 2.371471
46.232018 2.319709
46.276188 2.421205
46.379234 2.287893
46.160580 2.059215
46.190521 2.130672
46.312340 2.376305
46.361973 2.351521
46.526054 2.349611
46.426018 2.319897
46.343567 2.380360
46.352573 2.357056
46.285461 2.397931
46.338219 2.389158
46.401268 2.344824
53.774158 2.278095
