53.084229 3.445901
54.260757 3.320354
54.209915 3.309002
52.629951 3.615562
48.168331 2.441607
54.214500 3.332674
51.344841 2.857584
48.859348 2.898924
50.986732 3.305876
54.254192 2.590442
51.176510 3.362795
51.869396 3.102736
54.176861 3.321806
54.165154 3.329189
45.408192 3.481891
51.204781 3.346840
54.194862 3.328414
54.189690 3.312163
53.397381 3.749068
54.167065 3.347594
54.186367 3.329094
51.408707 3.112781
45.399223 3.490646
53.339527 3.515270
54.167843 3.325396
54.200333 3.299704
54.470478 2.777653
54.067142 3.341089
54.115749 3.327573
54.105350 3.335385
49.002533 3.190015
54.307571 2.944219
54.300819 2.961557
54.162373 3.287671
54.118259 3.302331
54.114250 3.322371
54.327950 2.927280
46.540836 4.020009
54.116421 3.324819
54.328747 2.941788
46.566479 4.016727
51.127338 2.839484
51.176060 3.319886
50.549629 3.006292
48.442348 2.918803
54.094204 3.330371
54.138592 3.322474
54.097694 3.352011
54.328747 2.941788
54.190086 3.324034
54.178101 3.314734
51.187820 3.366761
45.470997 3.527736
51.314396 2.874302
51.203728 3.346379
54.219967 3.328164
54.144470 3.316392
49.769569 2.743322
54.094204 3.330371
51.869915 2.620147
48.435177 3.010987
54.107220 3.335806
54.174492 3.333406
53.029823 3.394616
50.800030 3.296256
54.228020 3.295065
54.166008 3.331412
54.103443 3.318409
51.162128 3.342036
51.150528 3.354046
54.316811 2.943835
51.836159 3.097174
54.093239 3.348298
54.319530 2.945858
54.200500 3.299513
51.009716 3.292983
49.174610 2.991949
54.219967 3.326319
50.811142 2.955628
49.611870 3.013563
54.187611 3.304743
54.084808 3.359075
54.146713 3.291319
54.315708 2.936311
54.215858 2.483084
52.670647 3.597157
49.850620 2.761963
45.470997 3.527736
51.186283 3.309069
54.114250 3.322371
53.163944 3.633918
54.315926 2.937779
54.243271 3.327730
54.300751 2.159294
54.169769 3.322367
54.133781 3.327484
50.525127 3.028353
54.203903 3.313235
53.434444 3.741303
48.453693 2.925717
54.187611 3.304743
54.131786 3.315710
54.200500 3.299513
51.353531 2.855072
53.337605 3.675363
54.198254 3.344081
54.291340 2.167128
47.148247 2.736087
45.470997 3.527736
52.670647 3.597157
54.247368 3.296614
51.187561 3.359043
54.183239 3.326723
54.316708 2.141649
54.256416 3.326959
51.180756 3.351822
51.346916 2.852779
54.312016 2.945535
48.868668 3.562216
54.331619 2.639275
52.706139 3.561818
50.990902 3.068281
54.131786 3.315710
51.175232 3.358533
51.358345 2.837618
49.459538 3.172044
54.155750 3.284501
54.067734 3.341315
54.190655 3.318742
49.475849 3.171941
54.129631 3.311285
51.129135 3.361531
54.129631 3.311285
51.284405 3.530697
54.170177 3.331619
54.193989 3.339891
54.189487 3.314442
48.882858 2.899919
54.167065 3.347594
53.349972 3.661739
54.315922 2.142532
54.167721 3.332568
52.670647 3.597157
54.112522 3.323226
52.726250 3.597140
54.094204 3.330371
54.277874 2.087770
54.297058 2.971070
54.144753 3.283646
54.340431 2.926900
54.112522 3.323226
51.167046 3.329779
53.407570 3.740220
45.425201 3.483010
54.224705 3.295842
48.451916 3.001281
45.410309 3.483860
48.991875 2.861788
45.483620 3.533809
54.333607 2.932306
45.407894 3.481981
45.407894 3.481981
54.340900 2.774329
45.453087 3.529463
54.178780 3.357891
51.204357 3.319063
54.111263 3.321425
50.967552 3.041118
48.473171 3.005545
54.282742 2.088896
54.222210 3.300287
49.219734 3.078955
48.630932 3.169073
51.869915 2.620147
48.630779 3.168814
49.459538 3.172044
54.338825 2.773063
54.254147 3.291106
54.131287 3.333045
54.259514 2.116389
50.350395 3.036176
54.105228 3.332514
54.117596 3.344621
45.472160 3.539040
54.144165 3.356574
51.862316 3.084205
54.116421 3.324819
54.138592 3.322474
49.002533 3.190015
48.956364 2.891159
54.131016 3.308105
54.186714 3.335397
54.097694 3.352011
54.144661 3.294040
48.630779 3.168814
48.882858 2.899919
54.200500 3.299513
54.209831 3.328575
54.108864 3.338584
54.279297 2.084790
51.860863 3.107427
51.206276 3.344383
54.139843 3.300028
48.526680 3.230816
49.189117 3.097624
54.093239 3.348298
54.316708 2.141649
54.162373 3.287671
51.142731 3.348292
54.131016 3.308105
54.324139 2.944128
51.136726 2.871637
53.325195 3.679867
54.154404 3.340882
54.099697 3.340920
54.126625 3.297146
54.085564 3.329420
51.176060 3.319886
53.407570 3.740220
53.380436 3.751392
54.113983 3.347745
51.096970 2.849928
54.258472 3.316796
51.191395 3.352043
54.094975 3.321353
54.095974 3.345582
46.566479 4.016727
54.216938 3.330788
45.401043 3.491074
54.435001 2.791914
51.190994 3.345835
54.259514 2.116389
48.450909 2.927091
51.284695 2.885112
54.163910 3.291576
46.599468 4.002314
53.311806 3.685718
49.203838 3.030993
45.407894 3.481981
54.136742 3.301071
52.670647 3.597157
48.373013 2.937751
45.407894 3.481981
54.144661 3.294040
53.124100 3.433296
53.407570 3.740220
51.187286 3.344414
52.972317 3.827029
53.163944 3.633918
54.124638 3.332434
54.331619 2.639275
52.653236 3.594211
54.267071 3.316286
54.222343 3.343251
54.203903 3.313235
53.131115 3.433445
54.249279 3.289574
54.328648 2.939478
54.092213 3.312393
54.113060 3.348139
54.123508 3.305409
48.859348 2.898924
54.084808 3.359075
54.151249 3.308198
54.073013 3.351484
49.665653 3.116389
54.222179 3.298688
54.140129 3.325114
49.219734 3.078955
54.200500 3.299513
48.463951 2.920474
53.407570 3.740220
54.463127 2.769135
51.176060 3.319886
54.146664 3.352332
48.616730 3.179273
53.380436 3.751392
49.428135 3.201644
54.094490 3.340965
54.285988 3.305514
54.188686 3.316947
54.291737 2.552024
54.122116 3.319349
45.422432 3.526433
51.017254 3.280955
54.307926 2.151195
54.200500 3.299513
54.222343 3.343251
54.206356 2.588229
54.285675 2.573214
54.256416 3.326959
48.378811 3.001957
54.131786 3.315710
45.408192 3.481891
54.219967 3.326319
51.197384 3.564341
54.095974 3.345582
54.121185 3.315934
54.190655 3.318742
54.194008 3.308095
48.435177 3.010987
52.670647 3.597157
49.205341 3.087923
51.002697 3.279710
51.198952 3.355350
54.317894 2.949328
54.113060 3.348139
45.417274 3.528298
54.200500 3.299513
51.924046 2.590115
51.006519 3.318209
45.488117 3.531849
53.325668 3.681391
54.082573 3.333546
48.373013 2.937751
54.094975 3.321353
54.175449 2.558196
53.163944 3.633918
49.459538 3.172044
54.163910 3.291576
49.656387 2.861681
54.210960 3.308240
53.325668 3.681391
51.862316 3.084205
48.900951 2.888370
48.168358 2.441346
54.204445 3.329827
51.238937 3.318927
52.642685 3.610297
54.217091 3.309492
54.131016 3.308105
54.133781 3.327484
54.200500 3.299513
45.452332 3.524992
51.866035 3.081135
54.129646 3.326552
54.155750 3.284501
51.008202 3.053293
49.008659 3.184769
54.259514 2.116389
54.124489 3.316322
54.203903 3.313235
49.226952 3.077004
54.209831 3.328575
45.366711 3.489195
45.438164 3.523917
54.185009 2.616900
54.213482 3.331743
54.297058 2.971070
49.176640 3.087450
53.411316 3.560348
48.900951 2.888370
54.200500 3.299513
46.571011 4.008639
54.272469 2.091439
49.168640 2.808968
54.262096 2.103378
51.123566 3.366735
54.227421 3.296456
47.722900 2.812531
54.333607 2.932306
51.195915 3.328357
53.124523 3.403660
45.478149 3.527071
54.187836 3.327276
54.191978 3.319528
49.128922 2.842031
54.295677 2.546316
53.311806 3.685718
54.105228 3.332514
45.435390 3.528717
54.094975 3.321353
53.394524 3.764678
54.283413 2.555135
54.117596 3.344621
54.493305 2.749689
54.123508 3.305409
51.037151 3.151415
54.135506 3.302797
53.311806 3.685718
54.168854 3.340168
54.273834 2.574502
48.882858 2.899919
51.225552 3.001016
54.295677 2.546316
48.630932 3.169073
51.022976 3.282802
45.500546 3.537498
54.187046 3.315528
49.441982 3.188017
54.067734 3.341315
54.102158 3.329407
49.223255 3.072954
54.316811 2.943835
54.127182 3.327505
52.670647 3.597157
51.232510 3.324227
51.090313 2.865399
49.188038 3.073780
54.244469 3.301888
45.425407 3.520553
51.346916 2.852779
54.096203 3.330766
54.215599 3.319746
54.257965 3.314920
51.009716 3.292983
51.022976 3.282802
52.987560 3.313084
53.082150 3.442208
54.176861 3.321806
48.616730 3.179273
51.223576 3.334552
54.340431 2.926900
54.170898 3.332440
52.654381 3.586801
48.634460 3.166413
49.604382 3.000303
53.324539 3.673746
47.148247 2.736087
54.097694 3.352011
48.445900 2.929440
51.096970 2.849928
54.134068 3.312070
54.166008 3.331412
52.624821 3.620099
45.452332 3.524992
54.192829 3.306966
54.224705 3.295842
54.362411 2.938979
51.860863 3.107427
54.225639 3.324031
54.216099 3.310399
47.152218 2.733585
50.570343 2.990571
54.094975 3.321353
54.168324 3.333596
54.186203 3.313375
54.214653 3.329484
54.187836 3.327276
54.178780 3.357891
54.115749 3.327573
54.166325 3.283540
53.411316 3.560348
51.903721 2.599140
54.096203 3.330766
54.227421 3.296456
50.968575 3.052427
54.131786 3.315710
45.459114 3.521928
48.968037 2.881433
45.424610 3.486750
54.204819 3.295633
54.067734 3.341315
54.191662 3.307523
53.427063 3.746606
51.225552 3.001016
54.338573 2.773955
52.601658 3.586038
54.193810 2.608318
52.603935 3.641577
54.094975 3.321353
51.146404 3.356967
54.244499 3.299211
49.002533 3.190015
49.842033 2.757615
54.185009 2.616900
53.411316 3.560348
54.113983 3.347745
54.138592 3.322474
51.022976 3.282802
53.088776 3.423779
49.441982 3.188017
54.114216 3.349884
51.171127 3.325059
52.670647 3.597157
48.450489 2.940181
52.693008 3.577756
54.198254 3.344081
54.186714 3.335397
54.116421 3.324819
48.599827 3.189108
54.217743 3.301616
51.050724 3.262907
54.067734 3.341315
54.261299 2.104304
51.284695 2.885112
45.379955 3.484757
54.255947 2.112321
50.350395 3.036176
46.571011 4.008639
52.642685 3.610297
54.186714 3.335397
54.125355 3.334759
54.188820 3.333900
52.571796 3.627239
54.189152 3.343409
51.207733 3.316828
48.456039 2.923028
53.110901 3.423813
54.130470 3.324864
51.225552 3.001016
54.200500 3.299513
51.186611 3.353285
54.112522 3.323226
45.417637 3.486077
53.040600 3.284066
51.221527 3.538815
51.136726 2.871637
54.169769 3.322367
54.170898 3.332440
54.113560 3.325395
54.169769 3.322367
54.200500 3.299513
53.380436 3.751392
51.068169 2.883927
54.112522 3.323226
50.350395 3.036176
51.868549 3.102214
54.131786 3.315710
54.113178 3.328571
53.158981 3.429312
51.004829 3.162984
54.463127 2.769135
54.210960 3.308240
54.205822 3.313292
54.341862 2.103386
54.300819 2.961557
54.108864 3.338584
54.139812 3.318450
53.411316 3.560348
50.528145 3.017036
51.186691 3.334657
53.379047 3.762505
48.858273 2.923208
54.166607 3.334854
54.209057 2.579970
48.863846 2.895369
54.350021 2.755765
54.155750 3.284501
53.379047 3.762505
51.836159 3.097174
54.112217 3.324646
54.155750 3.284501
49.128922 2.842031
54.180870 3.327725
54.130840 3.323849
54.126648 3.325308
54.129646 3.326552
54.085564 3.329420
45.433514 3.529489
54.067734 3.341315
48.168358 2.441346
53.352825 3.508927
51.136726 2.871637
54.256416 3.326959
54.200500 3.299513
47.136150 2.744704
54.341606 2.773489
52.654381 3.586801
45.417637 3.486077
54.340431 2.926900
51.009716 3.292983
54.093239 3.348298
54.134068 3.312070
51.171127 3.325059
54.094975 3.321353
54.094975 3.321353
54.162373 3.287671
54.185184 3.315419
54.158611 3.352051
54.108368 3.330418
54.200500 3.299513
54.300819 2.961557
54.100471 3.322271
54.330486 2.934834
54.215599 3.319746
54.186203 3.313375
53.411316 3.560348
54.195400 3.321497
53.165375 3.388037
54.213482 3.331743
49.020382 3.178798
46.566479 4.016727
50.992516 3.067845
54.131458 3.302340
54.119011 3.310146
51.198738 3.560601
48.419914 2.936366
52.249928 3.126631
48.865917 2.915022
54.300819 2.961557
54.307926 2.151195
51.850262 3.086424
54.222343 3.343251
51.916798 2.592147
51.405170 3.105544
48.873363 2.904671
52.629951 3.615562
54.103767 3.332633
48.456039 2.923028
54.162689 3.338225
54.238796 3.335438
54.173538 3.285747
54.169201 3.343876
54.167843 3.325396
51.198738 3.560601
54.189487 3.314442
48.461018 2.923338
48.849979 2.911129
51.860863 3.107427
54.081848 3.355434
51.186691 3.334657
54.154404 3.340882
53.394524 3.764678
45.470997 3.527736
54.329006 2.782563
54.209915 3.309002
48.991875 2.861788
54.285988 3.305514
54.135303 3.304012
51.204357 3.319063
54.328747 2.941788
45.470997 3.527736
54.289158 2.965415
54.108368 3.330418
51.168266 3.330990
54.236847 3.286868
54.067734 3.341315
52.641132 3.610914
54.107731 3.321897
51.050724 3.262907
49.223179 3.076051
51.405170 3.105544
50.520069 3.034780
51.862316 3.084205
54.112518 3.313019
53.325668 3.681391
54.186367 3.329094
54.255947 2.112321
48.616730 3.179273
45.417637 3.486077
45.379955 3.484757
54.099174 3.318067
54.144661 3.294040
54.167721 3.332568
54.101086 3.341224
51.168266 3.330990
53.394524 3.764678
54.125797 3.338722
51.862316 3.084205
54.222343 3.343251
54.199165 3.309841
53.081627 3.440815
54.174358 3.325901
54.067734 3.341315
54.192284 3.317819
54.309830 2.944575
49.205341 3.087923
53.034012 3.305946
54.067734 3.341315
51.104092 2.890605
49.176640 3.087450
50.984623 3.074097
52.987560 3.313084
54.067142 3.341089
51.176060 3.319886
54.094975 3.321353
46.599468 4.002314
49.769569 2.743322
54.131786 3.315710
52.571796 3.627239
54.105347 3.320571
49.223255 3.072954
54.167721 3.332568
54.281853 2.556751
48.433876 2.923754
48.442348 2.918803
51.198952 3.355350
49.704983 3.098145
54.144295 3.290654
54.209831 3.328575
54.123386 3.335299
54.307926 2.151195
51.114441 2.848211
51.186691 3.334657
45.398247 3.483415
48.451077 2.928107
48.450909 2.927091
53.368279 3.652369
48.436974 2.935292
54.092213 3.312393
51.186691 3.334657
54.204445 3.329827
51.198952 3.355350
51.213116 3.342735
50.211712 2.650499
45.452332 3.524992
51.869396 3.102736
54.216938 3.330788
51.186611 3.353285
54.281853 2.556751
54.122116 3.319349
54.229172 3.292879
54.112217 3.324646
54.205822 3.313292
51.176060 3.319886
45.459793 3.523344
52.603935 3.641577
48.451077 2.928107
54.341606 2.773489
54.140953 3.315879
54.113983 3.347745
54.213482 3.331743
49.203838 3.030993
53.131115 3.433445
54.112423 3.327857
54.166325 3.283540
51.284695 2.885112
54.100975 3.338489
50.986732 3.305876
51.150528 3.354046
45.417637 3.486077
54.126625 3.297146
51.154003 3.347528
54.285675 2.573214
53.337605 3.675363
51.240101 3.325195
54.131409 3.304413
54.315708 2.936311
53.158981 3.429312
54.111851 3.330824
53.407570 3.740220
54.281853 2.556751
54.340431 2.926900
54.276737 3.583530
54.109276 3.306161
45.486622 3.534321
48.168358 2.441346
50.986732 3.305876
51.176060 3.319886
54.162373 3.287671
51.213116 3.342735
49.223179 3.076051
54.078827 3.346426
54.192890 3.321485
54.116421 3.324819
50.992516 3.067845
50.350395 3.036176
54.168854 3.340168
54.173538 3.285747
49.842033 2.757615
54.200333 3.299704
51.197384 3.564341
49.769569 2.743322
54.200333 3.299704
54.297058 2.971070
53.324539 3.673746
48.442348 2.918803
51.188881 3.353838
54.115364 3.328110
54.307926 2.151195
54.204334 2.593800
54.112518 3.313019
54.112423 3.327857
54.225075 3.324851
54.112518 3.313019
48.407139 2.958347
54.084808 3.359075
50.559910 3.003811
54.103584 3.330346
54.255947 2.112321
48.874363 2.905790
49.483276 3.161874
54.124638 3.332434
51.203728 3.346379
51.154003 3.347528
45.474701 3.528835
54.155750 3.284501
54.105347 3.320571
48.445900 2.929440
49.704983 3.098145
45.407894 3.481981
51.136726 2.871637
54.167065 3.347594
54.132603 3.322375
51.131065 3.358809
54.122116 3.319349
54.067142 3.341089
54.132366 3.309703
51.291473 2.858060
52.622650 3.621718
54.229172 3.292879
49.188038 3.073780
54.192829 3.306966
51.017254 3.280955
54.340431 2.926900
48.435177 3.010987
45.428886 3.519087
50.350395 3.036176
54.315590 2.547277
51.186611 3.353285
49.026539 3.192104
53.417713 3.581123
54.175945 3.282579
47.148247 2.736087
48.450909 2.927091
54.128059 3.319520
54.144295 3.290654
54.338825 2.773063
54.133839 3.305715
54.174358 3.325901
51.190994 3.345835
45.422432 3.526433
45.407894 3.481981
54.167843 3.325396
54.343647 2.111620
54.209915 3.309002
54.107220 3.335806
54.104950 3.337229
54.200333 3.299704
54.175503 3.279074
53.434444 3.741303
51.150528 3.354046
54.189487 3.314442
54.261299 2.104304
54.176861 3.321806
45.993877 4.047105
54.111282 3.323731
50.984623 3.074097
47.136150 2.744704
54.093239 3.348298
53.050690 3.272875
54.124638 3.332434
53.411316 3.560348
54.113560 3.325395
51.890739 2.604419
45.453087 3.529463
54.103443 3.318409
54.252476 3.298151
54.114216 3.349884
54.111282 3.323731
54.108368 3.330418
53.158981 3.429312
54.102158 3.329407
54.285675 2.573214
54.332554 2.937793
54.244469 3.301888
53.337605 3.675363
54.144295 3.290654
51.022976 3.282802
54.113983 3.347745
54.204445 3.329827
45.422432 3.526433
54.230766 3.305860
45.488117 3.531849
51.264824 2.911573
48.436974 2.935292
51.308868 2.880173
49.662895 3.000250
48.634174 3.163765
54.220875 3.316649
50.323830 3.049203
51.003098 3.275947
54.082573 3.333546
54.255947 2.112321
51.203728 3.346379
54.435001 2.791914
54.222210 3.300287
54.206356 2.588229
54.169201 3.343876
54.198612 3.324326
54.144470 3.316392
51.359280 2.853263
52.654381 3.586801
51.258808 2.982019
48.456039 2.923028
54.168854 3.340168
45.462082 3.523732
54.220295 3.300580
54.184090 3.329409
49.188038 3.073780
53.325668 3.681391
51.208828 3.314561
54.328079 2.940420
52.576054 3.623382
54.215603 3.311260
54.109276 3.306161
49.704983 3.098145
48.419914 2.936366
48.419914 2.936366
54.084808 3.359075
48.461018 2.923338
54.134941 3.311694
54.184090 3.329409
54.173958 3.333689
48.435177 3.010987
50.986732 3.305876
21.289423 13.860214
54.094975 3.321353
54.191662 3.307523
53.411316 3.560348
54.215858 2.483084
54.213482 3.331743
49.189117 3.097624
54.112518 3.313019
51.903721 2.599140
54.281853 2.556751
54.175503 3.279074
51.183178 3.316724
53.124523 3.403660
51.186611 3.353285
54.209831 3.328575
54.199165 3.309841
45.452332 3.524992
53.082150 3.442208
53.158981 3.429312
54.219967 3.328164
54.133781 3.327484
54.116425 3.311646
45.452332 3.524992
48.442348 2.918803
45.422680 3.487347
45.379955 3.484757
54.238796 3.335438
53.416374 3.557842
51.213116 3.342735
54.100948 3.313589
54.155750 3.284501
54.067142 3.341089
54.114357 3.323567
54.185184 3.315419
54.295677 2.546316
53.337517 3.517663
45.458996 3.537365
54.307926 2.151195
51.008202 3.053293
54.084808 3.359075
54.112423 3.327857
54.189487 3.314442
54.222210 3.300287
51.222565 3.333292
53.380436 3.751392
54.200333 3.299704
54.119011 3.310146
54.333996 2.932420
54.192284 3.317819
54.067734 3.341315
49.483276 3.161874
49.188038 3.073780
51.176060 3.319886
54.200500 3.299513
45.410309 3.483860
49.176640 3.087450
54.093239 3.348298
50.323830 3.049203
45.476803 3.519599
54.214653 3.329484
54.104950 3.337229
48.469151 2.914095
53.124523 3.403660
51.198872 3.344618
53.165375 3.388037
47.136150 2.744704
54.100948 3.313589
54.259514 2.116389
48.450096 3.000411
51.187737 3.346638
49.205341 3.087923
54.201889 3.324599
54.093239 3.348298
54.283413 2.555135
51.203728 3.346379
45.403168 3.494452
54.176861 3.321806
54.095043 3.328329
54.168324 3.333596
54.170898 3.332440
53.389908 3.744271
54.174358 3.325901
45.458000 3.531313
48.438496 2.937634
45.438164 3.523917
54.129631 3.311285
54.099697 3.340920
47.130699 2.753057
45.458000 3.531313
49.203838 3.030993
51.131065 3.358809
54.244469 3.301888
52.624821 3.620099
45.438164 3.523917
54.095974 3.345582
51.145817 3.344641
54.140129 3.325114
54.166008 3.331412
53.337605 3.675363
50.350395 3.036176
53.158981 3.429312
54.169769 3.322367
51.176510 3.362795
53.434444 3.741303
51.131065 3.358809
51.198738 3.560601
54.341606 2.773489
51.180756 3.351822
51.224945 3.327035
54.107220 3.335806
45.486622 3.534321
54.187836 3.327276
53.337605 3.675363
53.165375 3.388037
54.259514 2.116389
52.654381 3.586801
54.104950 3.337229
54.192829 3.306966
51.264824 2.911573
54.111263 3.321425
54.217091 3.309492
54.056728 3.365253
51.136726 2.871637
53.114616 3.671229
45.422432 3.526433
45.438164 3.523917
51.139256 3.353463
54.222343 3.343251
54.084808 3.359075
53.128521 3.660399
54.105228 3.332514
54.255947 2.112321
49.168640 2.808968
54.123508 3.305409
54.331619 2.639275
51.851254 3.091941
54.110035 3.322025
54.144295 3.290654
54.105228 3.332514
45.379955 3.484757
54.163910 3.291576
54.113060 3.348139
49.004570 3.190625
51.224945 3.327035
52.624821 3.620099
53.114616 3.671229
52.249928 3.126631
54.056728 3.365253
48.442348 2.918803
54.094975 3.321353
51.041317 3.270028
54.187836 3.327276
48.864655 2.911429
53.158981 3.429312
53.337605 3.675363
54.330486 2.934834
45.404652 3.480715
54.198612 3.324326
53.379265 3.752912
48.456039 2.923028
49.225449 3.074829
54.204445 3.329827
45.379955 3.484757
49.002533 3.190015
48.859348 2.898924
54.140129 3.325114
45.427292 3.520232
54.216938 3.330788
54.316811 2.943835
51.190655 3.357757
51.150528 3.354046
54.200500 3.299513
45.486622 3.534321
54.155750 3.284501
49.663563 3.129113
54.213482 3.331743
54.328079 2.940420
46.566490 4.012608
54.463127 2.769135
51.291473 2.858060
54.281853 2.556751
54.463127 2.769135
54.283413 2.555135
54.297058 2.971070
54.167065 3.347594
53.411316 3.560348
54.328079 2.940420
52.654381 3.586801
53.325668 3.681391
51.198738 3.560601
54.170898 3.332440
54.178101 3.314734
54.300819 2.961557
54.105228 3.332514
48.882858 2.899919
46.599468 4.002314
54.338825 2.773063
52.622650 3.621718
54.162373 3.287671
54.227421 3.296456
51.136726 2.871637
45.425201 3.483010
54.103443 3.318409
54.094975 3.321353
50.527607 3.022150
54.169201 3.343876
54.333996 2.932420
52.972317 3.827029
54.189152 3.343409
45.486622 3.534321
45.470776 3.518922
51.405170 3.105544
51.005951 3.289341
54.088184 3.348499
51.022976 3.282802
54.200333 3.299704
54.133781 3.327484
53.165375 3.388037
54.339771 2.773865
54.135303 3.304012
54.228039 3.295614
54.341606 2.773489
53.337605 3.675363
54.331619 2.639275
54.093239 3.348298
54.103443 3.318409
54.056728 3.365253
45.438164 3.523917
45.424610 3.486750
50.520069 3.034780
54.141777 3.299338
54.141777 3.299338
54.135303 3.304012
54.163910 3.291576
51.208721 3.328478
54.107731 3.321897
54.213482 3.331743
45.474701 3.528835
54.067734 3.341315
51.190994 3.345835
54.191978 3.319528
54.086990 3.350675
54.220875 3.316649
53.325195 3.679867
52.997726 3.308206
52.670647 3.597157
51.176060 3.319886
45.428886 3.519087
54.170898 3.332440
46.571011 4.008639
51.002697 3.279710
53.417713 3.581123
53.397381 3.749068
53.158981 3.429312
51.154003 3.347528
54.285675 2.573214
54.212456 3.307055
48.630779 3.168814
51.354553 2.854527
48.445900 2.929440
46.562737 4.010665
51.004650 3.056368
51.223576 3.334552
54.107731 3.321897
51.041317 3.270028
49.217106 3.025266
54.124638 3.332434
49.704983 3.098145
54.262096 2.103378
51.208828 3.314561
54.187046 3.315528
54.261299 2.104304
49.656387 2.861681
48.839638 2.918623
45.438164 3.523917
51.150528 3.354046
54.119011 3.310146
51.353531 2.855072
54.067734 3.341315
54.259514 2.116389
50.968575 3.052427
48.442348 2.918803
54.114216 3.349884
54.186203 3.313375
53.095760 3.406137
45.379955 3.484757
54.191364 3.331315
52.987560 3.313084
54.324139 2.944128
54.107731 3.321897
54.200500 3.299513
45.470776 3.518922
54.261299 2.104304
54.105228 3.332514
52.670647 3.597157
54.229172 3.292879
54.093239 3.348298
48.616730 3.179273
54.266220 3.273044
54.259514 2.116389
54.463127 2.769135
45.379955 3.484757
54.113060 3.348139
54.209831 3.328575
54.350021 2.755765
54.108864 3.338584
53.165375 3.388037
45.452332 3.524992
45.408192 3.481891
53.165375 3.388037
51.168266 3.330990
54.111282 3.323731
45.404652 3.480715
51.190994 3.345835
53.153179 3.422089
54.192829 3.306966
54.108864 3.338584
48.450096 3.000411
54.200333 3.299704
49.644096 2.867356
54.255947 2.112321
54.122116 3.319349
45.428886 3.519087
51.123566 3.366735
54.100471 3.322271
49.803478 2.786185
54.193989 3.339891
53.306583 3.688724
51.149456 3.380940
51.809780 3.118865
45.458000 3.531313
54.098713 3.341417
53.434444 3.741303
53.337605 3.675363
51.207733 3.316828
54.341606 2.773489
48.450096 3.000411
51.223576 3.334552
54.203903 3.313235
54.340443 2.772858
51.400387 3.105079
54.204334 2.593800
54.186203 3.313375
51.022976 3.282802
54.340431 2.926900
51.284405 3.530697
49.205341 3.087923
51.183178 3.316724
49.644096 2.867356
53.143520 3.429895
53.165375 3.388037
53.333313 3.678741
54.101086 3.341224
54.108006 3.320788
53.333313 3.678741
54.147686 3.351786
54.307926 2.151195
45.500546 3.537498
54.200333 3.299704
54.283413 2.555135
54.259514 2.116389
54.107731 3.321897
48.168358 2.441346
54.131016 3.308105
51.142731 3.348292
51.176510 3.362795
54.192890 3.321485
49.185684 3.069947
48.445900 2.929440
52.670647 3.597157
51.208721 3.328478
54.205841 3.302572
54.126648 3.325308
45.408192 3.481891
45.438164 3.523917
54.113178 3.328571
51.195915 3.328357
53.394524 3.764678
49.649075 2.994134
54.107731 3.321897
54.328079 2.940420
52.629951 3.615562
48.450096 3.000411
51.864292 3.104073
50.350395 3.036176
54.099697 3.340920
54.176861 3.321806
54.082573 3.333546
54.134941 3.311694
54.097694 3.352011
54.105347 3.320571
52.624821 3.620099
52.228951 3.141032
54.095043 3.328329
54.222343 3.343251
54.193810 2.608318
53.165375 3.388037
54.230515 3.336155
45.404652 3.480715
54.129333 3.306599
48.387028 3.310263
49.842033 2.757615
53.027554 3.289669
54.192829 3.306966
49.205341 3.087923
51.104092 2.890605
54.095329 3.345539
45.435390 3.528717
54.186203 3.313375
49.656387 2.861681
45.458996 3.537365
48.473171 3.005545
50.552357 3.004040
54.167843 3.325396
53.333313 3.678741
54.135303 3.304012
54.100948 3.313589
49.769569 2.743322
50.316856 3.052460
51.176060 3.319886
54.259514 2.116389
54.154404 3.340882
51.258808 2.982019
45.452332 3.524992
53.333313 3.678741
48.387028 3.310263
52.589260 3.607540
52.624821 3.620099
54.102158 3.329407
48.450909 2.927091
50.800030 3.296256
54.167843 3.325396
49.203838 3.030993
54.228039 3.295614
49.002533 3.190015
54.108864 3.338584
54.283413 2.555135
54.133781 3.327484
54.126648 3.325308
51.017254 3.280955
49.193630 3.034749
54.200500 3.299513
54.200500 3.299513
54.324139 2.944128
51.183178 3.316724
54.297058 2.971070
54.192829 3.306966
54.328747 2.941788
45.453728 3.527199
48.178925 2.436000
54.341606 2.773489
51.136726 2.871637
54.206356 2.588229
48.451077 2.928107
54.067734 3.341315
54.189487 3.314442
54.131786 3.315710
51.150528 3.354046
54.192890 3.321485
54.204445 3.329827
45.425407 3.520553
54.144470 3.316392
48.377502 3.322380
51.198952 3.355350
52.987560 3.313084
54.166492 3.327912
51.284695 2.885112
54.084808 3.359075
54.132366 3.309703
54.170898 3.332440
54.113060 3.348139
48.634174 3.163765
54.333607 2.932306
50.990902 3.068281
54.112423 3.327857
54.493305 2.749689
48.438496 2.937634
54.191364 3.331315
54.209831 3.328575
51.004829 3.162984
49.185684 3.069947
51.004650 3.056368
53.325195 3.679867
53.027554 3.289669
53.130360 3.432342
54.203903 3.313235
54.339771 2.773865
54.219967 3.328164
46.562737 4.010665
51.022976 3.282802
51.022976 3.282802
48.451916 3.001281
45.389076 3.491718
54.084808 3.359075
48.178925 2.436000
51.208828 3.314561
54.100975 3.338489
54.166325 3.283540
54.355103 2.943291
54.281853 2.556751
45.474354 3.533978
54.186203 3.313375
54.144661 3.294040
54.107731 3.321897
54.128059 3.319520
54.119011 3.310146
48.469151 2.914095
51.171127 3.325059
52.653236 3.594211
54.163910 3.291576
53.411316 3.560348
45.459488 3.521773
52.670647 3.597157
54.131458 3.302340
54.084808 3.359075
54.100471 3.322271
54.178078 3.277799
54.146664 3.352332
48.451916 3.001281
54.222210 3.300287
51.004829 3.162984
53.394524 3.764678
54.167843 3.325396
48.419914 2.936366
54.224705 3.295842
54.341606 2.773489
54.097694 3.352011
54.213482 3.331743
54.133781 3.327484
54.198612 3.324326
48.456039 2.923028
54.133839 3.305715
45.452332 3.524992
48.438496 2.937634
54.212456 3.307055
53.434444 3.741303
54.187836 3.327276
54.133976 3.303661
45.474701 3.528835
48.442348 2.918803
49.214809 3.054259
53.071636 3.257023
54.338825 2.773063
51.203728 3.346379
51.195915 3.328357
52.589260 3.607540
48.630779 3.168814
48.864655 2.911429
45.474354 3.533978
46.004169 4.039467
54.113060 3.348139
49.203838 3.030993
53.325668 3.681391
53.337605 3.675363
54.213482 3.331743
54.130840 3.323849
54.328079 2.940420
53.158981 3.429312
54.146664 3.352332
54.200500 3.299513
54.191978 3.319528
54.146664 3.352332
49.203838 3.030993
49.704983 3.098145
54.133839 3.305715
52.228951 3.141032
54.067734 3.341315
54.108006 3.320788
54.184090 3.329409
51.004650 3.056368
46.566479 4.016727
54.285988 3.305514
49.002533 3.190015
51.238937 3.318927
54.198612 3.324326
49.002533 3.190015
54.227421 3.296456
54.105350 3.335385
52.641132 3.610914
52.228951 3.141032
49.737041 2.763251
53.114616 3.671229
54.134941 3.311694
52.726250 3.597140
54.185009 2.616900
53.143520 3.429895
53.029823 3.394616
54.328079 2.940420
54.191978 3.319528
45.424610 3.486750
45.435390 3.528717
54.136742 3.301071
49.638309 2.873203
54.193810 2.608318
54.093239 3.348298
54.176861 3.321806
54.170898 3.332440
51.284695 2.885112
54.139843 3.300028
51.358345 2.837618
54.340431 2.926900
54.262096 2.103378
54.340431 2.926900
54.099697 3.340920
52.571796 3.627239
54.134068 3.312070
54.117596 3.344621
45.452332 3.524992
54.119011 3.310146
54.175945 3.282579
54.175945 3.282579
54.113060 3.348139
54.225639 3.324031
53.337605 3.675363
51.860863 3.107427
54.093239 3.348298
54.084808 3.359075
54.173538 3.285747
54.219967 3.328164
48.882858 2.899919
49.004570 3.190625
49.604382 3.000303
47.722900 2.812531
45.404652 3.480715
54.133781 3.327484
52.641132 3.610914
51.344841 2.857584
51.150528 3.354046
54.200500 3.299513
45.452332 3.524992
54.176861 3.321806
54.316708 2.141649
54.167721 3.332568
54.112522 3.323226
54.187046 3.315528
49.193630 3.034749
54.229172 3.292879
54.099697 3.340920
53.034012 3.305946
53.411316 3.560348
51.142731 3.348292
51.206928 3.351069
54.112518 3.313019
48.392590 2.921461
51.145817 3.344641
53.407570 3.740220
48.859348 2.898924
54.283413 2.555135
47.136150 2.744704
54.200500 3.299513
51.004829 3.162984
54.081848 3.355434
54.341606 2.773489
45.373692 3.490615
54.330486 2.934834
53.411316 3.560348
48.864655 2.911429
54.093239 3.348298
54.146713 3.291319
49.223255 3.072954
54.225639 3.324031
53.114616 3.671229
54.097694 3.352011
54.116421 3.324819
49.603920 3.018729
53.397381 3.749068
51.331547 2.867876
45.452332 3.524992
51.190994 3.345835
51.288136 2.858075
54.332706 2.936268
51.096970 2.849928
54.219967 3.326319
54.227421 3.296456
52.670647 3.597157
53.158981 3.429312
54.113060 3.348139
54.103443 3.318409
54.131786 3.315710
54.067734 3.341315
54.163910 3.291576
54.122150 3.326494
51.150528 3.354046
51.238937 3.318927
54.330486 2.934834
54.328648 2.939478
45.488117 3.531849
54.129631 3.311285
51.195915 3.328357
51.213116 3.342735
54.139843 3.300028
51.222565 3.333292
54.300819 2.961557
51.009716 3.292983
54.200333 3.299704
54.084808 3.359075
46.004169 4.039467
51.264824 2.911573
51.017254 3.280955
54.118259 3.302331
48.599827 3.189108
45.486622 3.534321
45.417637 3.486077
49.189117 3.097624
52.642685 3.610297
45.438164 3.523917
54.331619 2.639275
51.405170 3.105544
53.427063 3.746606
54.107731 3.321897
54.210960 3.308240
54.228039 3.295614
47.136150 2.744704
45.486622 3.534321
51.150528 3.354046
54.131786 3.315710
54.176861 3.321806
45.420532 3.487322
45.404652 3.480715
50.528145 3.017036
54.244469 3.301888
53.337605 3.675363
52.641132 3.610914
54.099697 3.340920
53.082150 3.442208
54.166325 3.283540
54.191978 3.319528
54.109276 3.306161
54.116421 3.324819
48.863846 2.895369
53.324539 3.673746
54.222210 3.300287
54.186203 3.313375
52.589260 3.607540
54.217743 3.301616
48.456039 2.923028
53.088776 3.423779
50.570343 2.990571
54.222343 3.343251
54.191662 3.307523
48.456039 2.923028
49.219734 3.078955
54.116421 3.324819
54.237297 3.286417
54.200333 3.299704
51.050724 3.262907
51.284695 2.885112
54.258472 3.316796
51.114441 2.848211
49.203838 3.030993
50.992516 3.067845
46.566479 4.016727
54.105350 3.335385
54.094975 3.321353
46.571011 4.008639
52.670647 3.597157
45.379955 3.484757
48.461018 2.923338
54.200333 3.299704
54.281853 2.556751
54.097694 3.352011
51.297974 2.884943
48.456039 2.923028
54.093239 3.348298
54.167843 3.325396
54.134941 3.311694
54.093239 3.348298
49.012375 3.182839
51.005951 3.289341
53.321945 3.680958
54.209831 3.328575
54.098125 3.303521
54.144470 3.316392
54.132366 3.309703
54.315708 2.936311
49.217106 3.025266
53.394524 3.764678
54.129646 3.326552
54.191364 3.331315
49.203838 3.030993
54.134941 3.311694
54.144661 3.294040
51.187737 3.346638
54.283413 2.555135
54.094975 3.321353
54.067734 3.341315
54.200333 3.299704
53.427063 3.746606
45.474701 3.528835
54.075607 3.329383
49.002533 3.190015
54.104950 3.337229
53.337605 3.675363
54.297058 2.971070
54.096203 3.330766
54.328079 2.940420
54.084808 3.359075
54.201889 3.324599
49.217106 3.025266
54.190086 3.324034
45.379955 3.484757
49.638309 2.873203
45.407894 3.481981
54.216938 3.330788
54.175945 3.282579
51.284695 2.885112
54.212456 3.307055
45.407894 3.481981
48.419914 2.936366
54.297058 2.971070
54.200333 3.299704
51.171127 3.325059
54.190086 3.324034
54.341606 2.773489
54.256416 3.326959
54.140129 3.325114
50.350395 3.036176
54.084808 3.359075
51.206928 3.351069
54.174492 3.333406
45.474701 3.528835
50.968575 3.052427
54.095974 3.345582
45.470776 3.518922
54.111195 3.331726
48.419914 2.936366
51.136726 2.871637
54.176861 3.321806
51.297974 2.884943
54.167843 3.325396
50.323830 3.049203
54.107731 3.321897
53.394524 3.764678
51.180756 3.351822
51.258808 2.982019
49.704983 3.098145
51.284695 2.885112
53.411316 3.560348
52.624821 3.620099
48.859348 2.898924
51.264824 2.911573
54.112518 3.313019
54.338825 2.773063
54.130840 3.323849
52.589260 3.607540
45.424610 3.486750
49.026539 3.192104
45.407894 3.481981
51.264824 2.911573
54.122116 3.319349
52.670647 3.597157
54.276737 3.583530
45.458000 3.531313
48.451916 3.001281
54.112217 3.324646
53.165375 3.388037
48.373013 2.937751
49.842033 2.757615
54.200500 3.299513
51.198952 3.355350
51.187286 3.344414
53.158981 3.429312
51.186611 3.353285
50.570343 2.990571
54.200500 3.299513
54.227421 3.296456
54.300819 2.961557
51.145817 3.344641
45.458000 3.531313
51.288136 2.858075
51.171127 3.325059
54.189487 3.314442
54.129646 3.326552
54.222210 3.300287
48.450096 3.000411
54.200333 3.299704
51.004829 3.162984
54.146713 3.291319
53.034012 3.305946
54.155750 3.284501
54.095043 3.328329
45.422432 3.526433
54.259514 2.116389
54.131016 3.308105
53.337605 3.675363
54.219967 3.328164
49.223255 3.072954
48.868668 3.562216
54.340431 2.926900
54.122116 3.319349
51.022976 3.282802
54.113686 3.326629
54.315590 2.547277
51.195915 3.328357
45.486622 3.534321
51.264824 2.911573
54.338573 2.773955
54.297058 2.971070
54.300819 2.961557
48.456039 2.923028
54.297058 2.971070
48.900951 2.888370
52.670647 3.597157
54.105350 3.335385
45.425407 3.520553
54.093239 3.348298
53.337605 3.675363
49.168640 2.808968
48.617847 3.180515
54.222210 3.300287
53.325195 3.679867
53.124523 3.403660
51.203728 3.346379
54.312016 2.945535
50.350395 3.036176
54.111851 3.330824
46.571011 4.008639
53.124523 3.403660
51.186283 3.309069
54.155750 3.284501
54.140953 3.315879
54.238796 3.335438
49.769569 2.743322
51.284695 2.885112
54.116421 3.324819
45.435390 3.528717
54.067734 3.341315
54.095329 3.345539
51.186611 3.353285
51.145817 3.344641
45.474701 3.528835
51.238937 3.318927
45.474354 3.533978
54.198254 3.344081
49.176640 3.087450
45.435390 3.528717
54.166927 3.346593
54.170177 3.331619
51.264824 2.911573
54.130470 3.324864
54.214500 3.332674
54.315922 2.142532
54.338825 2.773063
54.228020 3.295065
54.187836 3.327276
54.094975 3.321353
54.116421 3.324819
48.456039 2.923028
49.656387 2.861681
51.358345 2.837618
51.009716 3.292983
51.297974 2.884943
54.100975 3.338489
52.997726 3.308206
53.143520 3.429895
51.308868 2.880173
50.570343 2.990571
54.112217 3.324646
45.428886 3.519087
54.189487 3.314442
54.463127 2.769135
51.862316 3.084205
50.968575 3.052427
53.158981 3.429312
54.244469 3.301888
54.173958 3.333689
48.450489 2.940181
54.244469 3.301888
52.997726 3.308206
54.328079 2.940420
54.166325 3.283540
54.107731 3.321897
54.227421 3.296456
54.219967 3.328164
54.341606 2.773489
54.144470 3.316392
50.323830 3.049203
54.191364 3.331315
54.144661 3.294040
45.486622 3.534321
49.189117 3.097624
54.108864 3.338584
50.350395 3.036176
54.166325 3.283540
52.228951 3.141032
52.642685 3.610297
54.133781 3.327484
53.411316 3.560348
54.131786 3.315710
45.438164 3.523917
54.192829 3.306966
49.004570 3.190625
48.450096 3.000411
49.203838 3.030993
49.219734 3.078955
51.203728 3.346379
49.223255 3.072954
51.168266 3.330990
54.105347 3.320571
48.617847 3.180515
49.611870 3.013563
54.191364 3.331315
54.259514 2.116389
45.458000 3.531313
51.176510 3.362795
54.082573 3.333546
54.222210 3.300287
45.422432 3.526433
54.315590 2.547277
54.331619 2.639275
54.219967 3.328164
45.474354 3.533978
54.315590 2.547277
51.203728 3.346379
54.155750 3.284501
45.500546 3.537498
48.377502 3.322380
54.333607 2.932306
54.259514 2.116389
48.377502 3.322380
51.284695 2.885112
48.456039 2.923028
49.223255 3.072954
46.599468 4.002314
49.205341 3.087923
50.968575 3.052427
48.873363 2.904671
50.525127 3.028353
54.138592 3.322474
52.670647 3.597157
48.450096 3.000411
53.034012 3.305946
54.200333 3.299704
51.022976 3.282802
52.624821 3.620099
54.108864 3.338584
51.864292 3.104073
54.262096 2.103378
50.986732 3.305876
54.216938 3.330788
53.325668 3.681391
54.281853 2.556751
53.165375 3.388037
45.424610 3.486750
45.470776 3.518922
54.300819 2.961557
51.022976 3.282802
54.113060 3.348139
54.176861 3.321806
52.589260 3.607540
51.022976 3.282802
54.256416 3.326959
54.170898 3.332440
54.192829 3.306966
51.207733 3.316828
54.113560 3.325395
51.050724 3.262907
53.411316 3.560348
48.419914 2.936366
49.803478 2.786185
52.670647 3.597157
54.169201 3.343876
48.450489 2.940181
54.341606 2.773489
54.067734 3.341315
54.206356 2.588229
51.136726 2.871637
54.244469 3.301888
51.168266 3.330990
54.084808 3.359075
54.333607 2.932306
51.176060 3.319886
54.116425 3.311646
51.186611 3.353285
54.341606 2.773489
54.255947 2.112321
52.670647 3.597157
54.098125 3.303521
51.186611 3.353285
54.107731 3.321897
53.434444 3.741303
48.456039 2.923028
48.438496 2.937634
54.163910 3.291576
54.098125 3.303521
53.114616 3.671229
54.112423 3.327857
54.340431 2.926900
54.204445 3.329827
48.461018 2.923338
54.281853 2.556751
54.107731 3.321897
54.135506 3.302797
54.105350 3.335385
48.461018 2.923338
51.022976 3.282802
54.126625 3.297146
54.187611 3.304743
49.026539 3.192104
45.410309 3.483860
54.224705 3.295842
54.103443 3.318409
54.105350 3.335385
