53.138271 3.120296
49.833607 2.728618
46.160538 3.507052
53.904404 3.286438
46.067272 3.397957
49.618156 2.837848
46.171703 3.503267
49.637398 2.824535
46.067272 3.397957
49.023048 2.635311
46.054005 3.368485
46.174515 3.510527
50.957840 2.733987
53.955887 3.190248
51.507294 2.903434
46.097088 3.402819
53.196903 3.129509
52.366371 2.704903
46.245468 3.545598
46.159962 3.508143
49.618156 2.837848
46.159889 3.486421
53.932766 3.206738
53.985764 3.170387
54.045364 3.436018
51.529530 2.883413
53.892937 3.295755
49.831608 2.724089
50.913956 2.762206
51.665726 3.106692
53.909580 3.275487
53.935173 3.205883
46.157749 3.493997
46.090317 3.518104
46.081642 3.367502
53.160210 3.137230
46.105274 3.491362
46.105274 3.491362
53.923550 3.261429
46.193378 3.510801
49.051876 2.602941
46.159962 3.508143
53.882969 3.302240
53.679516 3.026716
46.189899 3.475327
53.664062 3.705202
46.099018 3.494905
46.097088 3.402819
52.812412 2.756812
46.164997 3.523975
53.909580 3.275487
46.137955 3.388451
49.822990 2.729777
51.654633 2.885764
49.796242 2.740870
51.538170 2.876139
53.196304 3.085981
51.576500 2.843229
52.425064 2.656449
46.078365 3.493266
48.768623 2.876363
53.719372 3.050569
51.655529 2.945332
53.921650 3.273219
49.512249 2.831698
50.908302 2.741650
46.086002 3.404669
49.631657 2.832546
53.932766 3.206738
46.122963 3.507134
52.404518 2.674479
46.025082 3.402529
46.072773 3.396970
49.888321 2.704697
52.384327 2.683708
46.160538 3.507052
49.631664 2.832891
46.141266 3.499330
52.407715 2.660506
51.756977 2.872139
52.388874 2.682809
49.629810 2.833507
49.039783 2.616462
49.058952 2.474069
53.991608 3.168127
54.052048 3.401266
52.349709 2.715102
51.481842 2.921214
46.158970 3.497448
53.131962 3.154253
49.807011 2.739177
46.212738 3.504402
46.039749 3.402701
53.827461 3.211346
53.197979 3.130985
51.685085 3.077018
51.570885 2.870708
54.037804 3.419582
54.065739 3.392684
51.581902 2.862920
46.134712 3.517114
51.530041 2.893580
53.923550 3.261429
46.067272 3.397957
53.932724 3.262903
46.281902 3.536450
49.817108 2.734720
49.023048 2.635311
46.187950 3.504777
49.608486 2.840173
53.913811 3.272880
51.529873 2.878055
49.609756 2.826685
46.105274 3.491362
53.918453 3.270749
46.159889 3.486421
49.610764 2.782745
49.631657 2.832546
53.964691 3.184453
46.193497 3.506678
46.078880 3.491042
51.722668 3.058004
50.941288 2.730337
50.907913 2.752367
46.191944 3.522502
49.866772 2.712096
51.570885 2.870708
46.152405 3.501717
46.121956 3.487274
46.179173 3.510223
54.041290 3.405907
51.763397 2.876482
46.062092 3.478992
51.672649 2.838896
51.701157 3.075251
51.749023 2.884798
53.904404 3.286438
49.787498 2.744260
53.909580 3.275487
49.053993 2.611323
52.358257 2.701596
46.045181 3.495383
46.108406 3.405020
53.153198 3.111534
53.136856 3.182608
52.360348 2.704394
46.114357 3.397430
52.366371 2.704903
52.789852 2.761429
52.378868 2.687442
51.530888 2.894502
50.957840 2.733987
46.081642 3.367502
46.115696 3.493857
51.768494 2.860922
52.366371 2.704903
53.911049 3.276900
52.366371 2.704903
46.230816 3.547268
52.411625 2.668719
49.819447 2.664258
51.660812 2.939620
46.207504 3.510925
46.105228 3.475030
52.377190 2.695202
53.913811 3.272880
46.180420 3.495084
53.952911 3.192697
50.895638 2.755974
53.924751 3.213273
53.959087 3.247463
53.211967 3.117950
46.077526 3.490132
54.017334 3.448576
51.668541 2.943421
51.571236 2.856790
46.063858 3.398336
53.198849 3.127740
53.921906 3.267609
50.918083 2.739244
51.560383 2.865037
49.608154 2.847070
46.072773 3.396970
52.378658 2.689233
51.739719 2.897187
50.916504 2.735967
51.485725 2.925637
46.121067 3.492926
50.919521 2.744682
49.637337 2.826622
46.111679 3.489333
49.810715 2.732108
52.528286 2.318762
49.782398 2.656901
46.108406 3.405020
53.970757 3.179475
49.608154 2.847070
45.997845 3.407072
51.715027 2.906399
53.952911 3.192697
46.245468 3.545598
46.040371 3.405539
53.827461 3.211346
46.246643 3.534016
46.152405 3.501717
46.098988 3.488024
49.801945 2.739208
49.024574 2.636520
53.930424 3.256435
49.833328 2.725304
49.818439 2.730657
51.524548 2.901003
51.655430 2.956614
50.979584 2.741096
49.593678 2.849878
46.193378 3.510801
49.634598 2.832147
51.491131 2.923817
53.925690 3.259485
51.695972 3.079149
52.387814 2.678681
53.235874 3.116245
53.918411 3.266070
52.360348 2.704394
46.102589 3.476731
52.378868 2.687442
49.626759 2.830566
50.948574 2.732115
53.881622 3.308359
46.088856 3.363348
46.203964 3.530791
51.538170 2.876139
53.904362 3.300606
46.110271 3.484867
46.106915 3.492983
46.146587 3.504310
46.229328 3.540023
51.698593 3.079093
46.081898 3.502155
46.222897 3.547559
51.643982 2.893469
53.913811 3.272880
49.080845 2.460582
46.203125 3.502716
46.089382 3.491828
49.622684 2.773238
46.157749 3.493997
51.525093 2.869725
49.807121 2.740356
46.080490 3.492261
53.161350 3.102513
51.488533 2.926071
46.173340 3.507070
49.832016 2.723579
46.201115 3.510521
53.911049 3.276900
53.172459 3.180722
46.097179 3.492417
50.902977 2.753457
46.155163 3.486379
46.155174 3.497612
53.900589 3.283401
46.120968 3.501019
50.956707 2.737850
51.581902 2.862920
46.097553 3.501259
46.208244 3.534459
53.909580 3.275487
49.826263 2.732700
46.072048 3.491638
46.212650 3.532656
53.921906 3.267609
51.511551 2.894819
50.986916 2.732453
46.225945 3.532698
53.136856 3.182608
49.817108 2.734720
46.097553 3.501259
53.946072 3.197549
53.895306 3.285380
50.996197 2.705354
49.828930 2.729134
49.631657 2.832546
46.115360 3.397166
50.956707 2.737850
46.100822 3.393021
53.947174 3.255901
53.891533 3.285220
46.210449 3.529522
46.164997 3.523975
46.043293 3.400044
53.927624 3.210924
51.570885 2.870708
54.032814 3.449712
53.957672 3.194249
46.077526 3.490132
49.835667 2.718690
46.165031 3.505480
46.152405 3.501717
46.078880 3.491042
46.187531 3.504736
50.872818 2.766104
48.971264 2.527132
53.207951 3.136252
50.917786 2.743378
54.011303 3.152335
53.230175 3.102244
46.108406 3.405020
51.530041 2.893580
51.739719 2.897187
50.975002 2.736617
52.781952 2.769976
50.932568 2.732855
46.230007 3.499288
50.975002 2.736617
53.185867 3.084572
46.007385 3.400019
52.796860 2.756994
50.978500 2.736251
46.231236 3.531510
53.891533 3.285220
53.909103 3.285483
53.989334 3.167893
46.207542 3.544690
46.078880 3.491042
52.410423 2.665447
51.551498 2.863765
46.185894 3.525152
50.908302 2.741650
46.099018 3.494905
50.956707 2.737850
50.908302 2.741650
50.988651 2.725484
46.069683 3.407716
53.892937 3.295755
53.913929 3.288203
51.704418 2.810287
53.925690 3.259485
53.937260 3.254317
46.086208 3.492508
50.872818 2.766104
50.917786 2.743378
46.105228 3.475030
53.724014 3.047926
46.121067 3.492926
51.693325 2.810603
53.946072 3.197549
51.540295 2.878684
51.683475 2.819752
52.798782 2.751106
53.919498 3.265962
46.195732 3.483299
51.781620 2.857289
51.532242 2.886097
52.415272 2.664672
46.251835 3.537899
46.071247 3.398991
46.191277 3.512357
50.891129 2.748364
49.538685 2.869668
53.882545 3.291581
53.213249 3.112124
49.039783 2.616462
53.930424 3.256435
46.092075 3.399451
46.133293 3.492963
53.927624 3.210924
46.245468 3.545598
46.229351 3.532212
51.672649 2.838896
51.566628 2.873842
51.529530 2.883413
51.529873 2.878055
46.091217 3.506621
51.685795 3.076385
50.925682 2.739149
49.828930 2.729134
53.911049 3.276900
53.923550 3.261429
53.901524 3.276309
53.964886 3.183177
50.886745 2.753688
46.180420 3.495084
50.911709 2.745398
50.908302 2.741650
53.136856 3.182608
46.201115 3.510521
53.985764 3.170387
46.218868 3.534606
52.407715 2.660506
51.513660 2.907651
53.952911 3.192697
53.217567 3.134987
49.812092 2.733562
52.367367 2.699099
51.654377 2.937414
50.895638 2.755974
51.550224 2.886739
50.943634 2.736634
53.908344 3.273101
53.918453 3.270749
49.818264 2.728552
50.912209 2.747692
49.818439 2.730657
46.218639 3.546185
50.891129 2.748364
46.189571 3.502486
52.411625 2.668719
51.693325 2.810603
46.072773 3.396970
53.995876 3.162092
51.495564 2.909493
46.222897 3.547559
46.122963 3.507134
46.121067 3.492926
46.212738 3.504402
52.367477 2.702252
46.122963 3.507134
46.256447 3.538720
49.833607 2.728589
46.162525 3.386020
46.091511 3.474314
52.367477 2.702252
49.793560 2.741956
51.698593 3.079093
46.078365 3.493266
49.818264 2.728552
52.528286 2.318762
51.570885 2.870708
49.817619 2.728007
49.503872 2.848249
53.936691 3.251956
53.943016 3.259024
53.153198 3.111534
53.925690 3.259485
50.857098 2.775890
51.581902 2.862920
53.933147 3.254635
46.077526 3.490132
46.245468 3.545598
51.496250 2.921554
51.656006 3.116729
46.171257 3.497300
50.950623 2.741946
49.647610 2.816752
51.664421 2.932322
53.827461 3.211346
53.629272 3.705300
46.121067 3.492926
49.641369 2.827473
49.628323 2.829644
46.155914 3.528724
46.203621 3.495360
46.101196 3.399808
50.891129 2.748364
53.930424 3.256435
46.096291 3.360397
46.211483 3.532446
51.570454 2.849877
46.171257 3.497300
51.684570 3.085733
53.952911 3.192697
46.179146 3.525059
51.693325 2.810603
53.163662 3.125846
51.542015 2.887332
52.376427 2.695159
53.919250 3.277597
53.936295 3.279302
46.187531 3.504736
50.911991 2.742664
46.125271 3.398066
53.659199 3.697799
46.080170 3.492854
49.828930 2.729134
46.115360 3.397166
46.016106 3.407885
50.928551 2.746353
46.151600 3.496106
53.136017 3.124342
50.928551 2.746353
46.218639 3.546185
54.017334 3.448576
46.052341 3.400788
46.121067 3.492926
50.906059 2.751613
46.094051 3.517526
49.830750 2.724229
49.637337 2.826622
51.676735 2.918303
51.698593 3.079093
52.399841 2.676975
46.091511 3.474314
49.818264 2.728552
46.137955 3.388451
53.147480 3.129801
52.349709 2.715102
49.597977 2.850060
53.904362 3.300606
53.891533 3.285220
53.964691 3.184453
46.198326 3.529764
52.410423 2.665447
46.166096 3.517852
46.159889 3.486421
48.768623 2.876363
46.028263 3.403697
52.513359 2.326882
53.726410 3.044062
53.904362 3.300606
49.532539 2.818636
53.948200 3.247808
46.108406 3.405020
46.234730 3.507648
49.787498 2.744260
46.218639 3.546185
51.530041 2.893580
49.051876 2.602941
52.366371 2.704903
49.626759 2.830566
53.164288 3.137779
52.399841 2.676975
53.930424 3.256435
48.768623 2.876363
49.628323 2.829644
46.176628 3.510997
52.374859 2.692853
53.932766 3.206738
53.629272 3.705300
46.207504 3.510925
53.198681 3.129113
46.091511 3.474314
46.218639 3.546185
46.212738 3.504402
46.159889 3.486421
54.007126 3.155630
46.220497 3.536164
53.136356 3.125658
50.922684 2.745959
46.210449 3.529522
51.511551 2.894819
46.222897 3.547559
46.230614 3.536400
46.194870 3.527600
46.171257 3.497300
46.109245 3.474281
46.120968 3.501019
50.879997 2.763541
51.650284 2.889318
46.112473 3.516859
46.202892 3.523223
49.866772 2.712096
51.635948 2.930494
46.014523 3.403019
51.530041 2.893580
49.641506 2.817200
53.937862 3.203554
46.039749 3.402701
49.814217 2.733094
46.137955 3.388451
46.218521 3.506902
53.197979 3.130985
53.887730 3.299106
46.036724 3.403552
53.196903 3.129509
51.739719 2.897187
53.961388 3.188622
51.660370 3.109527
46.102024 3.400475
46.207542 3.544690
50.930820 2.734645
46.107834 3.359857
53.172676 3.097760
46.134712 3.517114
49.597263 2.843149
53.964691 3.184453
50.902977 2.753457
46.180420 3.495084
51.532928 2.885716
49.832085 2.729217
46.146584 3.485667
49.814217 2.733094
52.367477 2.702252
53.932766 3.206738
50.918083 2.739244
54.019913 3.454848
46.215408 3.530089
51.631336 2.975912
46.226288 3.501693
53.933147 3.254635
46.257153 3.535725
46.028263 3.403697
46.091511 3.474314
46.192451 3.509902
46.134712 3.517114
53.937260 3.254317
53.969658 3.167621
49.818264 2.728552
46.222897 3.547559
53.890671 3.291755
50.879997 2.763541
46.111012 3.500248
53.937862 3.203554
46.152405 3.501717
53.637836 3.705426
53.995876 3.162092
51.756977 2.872139
46.105274 3.491362
54.011303 3.152335
46.223686 3.501083
46.222897 3.547559
46.016106 3.407885
53.882969 3.302240
49.632927 2.827032
51.581902 2.862920
46.036724 3.403552
49.616440 2.831849
51.695972 3.079149
50.996197 2.705354
50.909927 2.750287
50.886745 2.753688
49.601334 2.848838
50.950623 2.741946
46.169025 3.506553
51.709145 3.068869
46.217953 3.530411
46.177097 3.506973
51.648872 2.956743
46.122963 3.507134
49.807884 2.742375
50.908302 2.741650
52.383114 2.681998
51.672649 2.838896
52.407715 2.660506
50.919956 2.742854
51.535892 2.893935
50.911022 2.759259
53.910255 3.298324
50.908302 2.741650
46.102589 3.476731
46.078365 3.493266
53.676723 3.023149
46.094051 3.517526
53.217907 3.107485
50.938419 2.728672
49.832085 2.729217
53.966084 3.181640
51.504219 2.900257
46.159889 3.486421
46.114357 3.397430
49.779770 2.749619
46.102589 3.476731
50.912209 2.747692
49.622684 2.773238
51.562115 2.875009
46.187531 3.504736
52.527599 2.319258
50.928551 2.746353
53.204868 3.129095
49.835667 2.718690
51.582428 2.859861
53.972679 3.182481
46.115696 3.493857
46.105274 3.491362
49.582951 2.800416
53.204868 3.129095
51.690910 3.066741
53.927624 3.210924
50.913956 2.762206
46.125271 3.398066
49.838120 2.726123
49.807011 2.739177
49.801945 2.739208
53.227104 3.104250
53.896870 3.290662
52.399841 2.676975
52.528286 2.318762
52.779682 2.769740
46.222897 3.547559
46.155163 3.486379
50.996197 2.705354
49.582951 2.800416
51.551842 2.862992
49.609756 2.826685
46.146584 3.485667
53.698872 3.013718
53.208313 3.121003
46.121067 3.492926
52.407715 2.660506
50.891129 2.748364
46.182297 3.505165
46.187691 3.514747
46.101913 3.501604
53.918453 3.270749
53.974354 3.179614
46.212696 3.533845
46.014523 3.403019
51.635948 2.930494
52.374859 2.692853
53.629272 3.705300
51.756634 2.882373
46.078365 3.493266
51.614445 2.841356
51.614445 2.841356
46.208244 3.534459
50.872818 2.766104
46.091511 3.474314
53.629272 3.705300
53.972679 3.182481
49.830750 2.724229
46.109245 3.474281
46.045181 3.495383
51.566628 2.873842
49.801945 2.739208
49.828930 2.729134
52.374229 2.695931
53.933147 3.254635
51.530041 2.893580
46.114357 3.397430
54.008255 3.157808
49.641506 2.817200
46.078880 3.491042
46.240112 3.528744
53.726410 3.044062
53.172459 3.180722
52.383114 2.681998
53.932495 3.200488
50.911022 2.759259
51.545033 2.882409
49.631664 2.832891
49.804424 2.737169
46.161549 3.513505
52.360348 2.704394
51.756634 2.882373
46.208244 3.534459
49.807011 2.739177
49.609756 2.826685
53.629272 3.705300
51.511551 2.894819
53.629272 3.705300
46.152405 3.501717
46.127312 3.498741
46.078365 3.493266
51.530041 2.893580
46.231236 3.531510
51.496250 2.921554
49.814816 2.734198
53.946072 3.197549
46.034084 3.405336
51.762024 2.847201
51.671394 2.943888
49.818264 2.728552
46.137306 3.515193
49.832016 2.723579
50.986794 2.729559
49.820641 2.728643
52.407715 2.660506
46.105274 3.491362
49.818439 2.730657
46.154839 3.495851
46.152405 3.501717
46.160538 3.507052
51.507294 2.903434
53.936295 3.279302
50.872818 2.766104
49.618156 2.837848
46.191315 3.505744
50.915787 2.741856
46.212738 3.504402
46.115360 3.397166
53.930424 3.256435
46.078365 3.493266
53.964691 3.184453
52.416233 2.661366
53.882969 3.302240
49.593678 2.849878
53.637836 3.705426
51.551842 2.862992
46.121067 3.492926
54.017334 3.448576
50.891129 2.748364
46.211483 3.532446
46.092682 3.401309
46.121067 3.492926
49.593678 2.849878
49.813282 2.737973
46.081898 3.502155
53.820930 3.212933
49.828930 2.729134
53.966084 3.181640
53.925690 3.259485
53.211967 3.117950
52.360348 2.704394
49.626759 2.830566
53.942398 3.244921
53.961388 3.188622
46.229328 3.540023
46.044697 3.399108
50.902977 2.753457
53.629272 3.705300
53.969658 3.167621
50.891129 2.748364
49.824322 2.733186
51.767693 2.872569
49.810947 2.737621
46.125271 3.398066
46.210449 3.529522
53.909962 3.277737
51.747604 2.866426
53.995876 3.162092
53.925690 3.259485
46.102589 3.476731
53.963379 3.258663
46.230816 3.547268
51.723492 2.903310
49.818264 2.728552
53.961906 3.189192
46.078365 3.493266
46.183094 3.492639
53.899147 3.282490
46.211685 3.545913
53.938072 3.205116
46.187691 3.514747
49.801945 2.739208
49.629810 2.833507
46.095352 3.476552
53.887814 3.296349
51.551498 2.863765
49.810947 2.737621
51.756977 2.872139
46.078468 3.493137
50.911022 2.759259
54.030411 3.411557
53.964691 3.184453
50.886745 2.753688
51.485802 2.919070
46.182964 3.527138
53.957672 3.194249
46.242924 3.527722
53.932766 3.206738
46.105274 3.491362
49.641506 2.817200
53.910255 3.298324
53.927166 3.285651
46.230614 3.536400
46.078365 3.493266
53.183311 3.108493
51.648872 2.956743
46.123802 3.494199
46.193947 3.510257
49.609756 2.826685
53.932766 3.206738
46.157749 3.493997
46.111679 3.489333
46.222897 3.547559
53.172676 3.097760
53.918453 3.270749
52.528286 2.318762
46.153000 3.387692
53.911049 3.276900
46.034084 3.405336
46.242924 3.527722
46.102589 3.476731
53.943016 3.259024
52.370041 2.694359
53.887814 3.296349
46.281902 3.536450
51.676735 2.918303
46.188431 3.476012
50.915295 2.747741
51.664421 2.932322
46.063858 3.398336
51.747227 2.872781
46.229351 3.532212
46.072048 3.491638
49.875298 2.712405
53.621487 3.709522
46.207634 3.545715
46.255428 3.536540
53.172459 3.180722
51.570454 2.849877
53.136017 3.124342
50.940224 2.728922
53.933147 3.254635
51.668541 2.943421
53.925690 3.259485
51.693035 3.084158
46.028263 3.403697
51.767693 2.872569
50.915787 2.741856
49.608154 2.847070
49.801945 2.739208
46.120968 3.501019
46.121067 3.492926
50.891129 2.748364
46.215408 3.530089
46.094051 3.517526
53.647186 3.700473
50.908302 2.741650
49.605175 2.777421
46.201115 3.510521
51.552120 2.871827
46.158970 3.497448
49.832085 2.729217
49.827885 2.726691
46.196159 3.508218
51.550224 2.886739
53.227104 3.104250
52.374229 2.695931
46.192009 3.532511
53.842350 3.207700
51.685795 3.076385
46.225883 3.533297
52.407715 2.660506
46.081642 3.367502
49.629810 2.833507
52.769146 2.772505
53.935173 3.205883
46.181259 3.503294
53.874020 3.295846
46.054203 3.397899
46.230816 3.547268
46.222897 3.547559
46.097553 3.501259
53.892937 3.295755
49.828938 2.725846
49.629810 2.833507
46.233829 3.545846
53.185867 3.084572
49.818264 2.728552
49.024574 2.636520
51.529530 2.883413
50.915787 2.741856
49.618156 2.837848
53.211967 3.117950
46.208008 3.524760
51.752815 2.876298
51.650284 2.889318
53.136017 3.124342
51.756634 2.882373
53.913811 3.272880
46.063858 3.398336
46.203621 3.495360
51.583878 2.840283
52.366371 2.704903
46.146584 3.485667
46.116089 3.398279
51.690910 3.066741
46.223686 3.501083
46.201115 3.510521
46.094051 3.517526
50.872818 2.766104
46.122963 3.507134
50.911709 2.745398
49.832085 2.729217
51.470753 2.928444
51.513660 2.907651
53.204868 3.129095
53.966202 3.182103
53.204868 3.129095
52.386433 2.686318
46.181259 3.503294
46.225945 3.532698
51.496250 2.921554
46.091106 3.405693
46.245468 3.545598
46.137955 3.388451
20.722059 14.202941
46.063858 3.398336
53.882969 3.302240
46.218639 3.546185
52.383114 2.681998
50.905197 2.752158
50.891129 2.748364
46.222897 3.547559
51.648872 2.956743
50.886745 2.753688
46.091511 3.474314
52.374859 2.692853
54.036915 3.136762
51.550224 2.886739
50.857098 2.775890
53.891533 3.285220
52.366371 2.704903
53.963379 3.258663
46.281902 3.536450
53.155125 3.107215
46.230816 3.547268
46.219654 3.510152
46.107834 3.359857
53.874020 3.295846
53.969658 3.167621
46.194008 3.499598
54.037804 3.419582
53.201260 3.129270
53.995300 3.161349
46.212738 3.504402
49.245617 2.767238
49.641506 2.817200
46.072765 3.368762
49.824322 2.733186
49.839119 2.726352
51.739719 2.897187
46.281902 3.536450
46.171257 3.497300
46.232052 3.531641
50.872818 2.766104
53.964691 3.184453
49.875298 2.712405
53.938072 3.205116
53.905979 3.286932
50.975002 2.736617
53.913811 3.272880
53.952911 3.192697
49.818264 2.728552
53.621487 3.709522
51.690910 3.066741
53.207951 3.136252
46.110271 3.484867
53.933147 3.254635
46.230614 3.536400
48.768623 2.876363
52.365440 2.696896
53.961906 3.189192
49.608154 2.847070
53.930424 3.256435
46.198326 3.529764
46.222897 3.547559
46.128925 3.397697
46.186451 3.512491
49.787498 2.744260
54.063999 3.393584
51.478249 2.931998
46.222897 3.547559
51.524548 2.901003
49.822990 2.729777
49.631664 2.832891
46.222897 3.547559
52.367477 2.702252
46.128925 3.397697
46.105274 3.491362
53.235874 3.116245
50.886745 2.753688
53.157848 3.107053
52.366371 2.704903
46.257153 3.535725
50.996197 2.705354
53.921650 3.273219
46.172020 3.511663
54.030411 3.411557
46.081898 3.502155
51.581902 2.862920
46.158970 3.497448
46.230816 3.547268
46.181259 3.503294
46.278610 3.536997
46.220497 3.536164
46.112888 3.491434
52.407715 2.660506
54.000648 3.157198
49.626759 2.830566
53.905979 3.286932
51.650284 2.889318
46.152405 3.501717
46.134712 3.517114
46.240112 3.528744
53.899147 3.282490
46.094051 3.517526
50.963943 2.723042
54.017334 3.448576
51.650284 2.889318
53.969658 3.167621
50.909927 2.750287
52.392212 2.679430
46.077526 3.490132
50.919956 2.742854
53.882969 3.302240
50.915787 2.741856
53.936691 3.251956
49.622684 2.773238
53.136356 3.125658
53.196903 3.129509
46.251835 3.537899
53.629272 3.705300
53.921906 3.267609
46.172020 3.511663
50.983822 2.733618
53.974354 3.179614
53.972679 3.182481
49.518559 2.828702
53.698872 3.013718
46.128925 3.397697
46.123333 3.396632
49.797749 2.738904
50.912209 2.747692
52.801067 2.753201
50.908859 2.748229
53.921230 3.283377
46.256447 3.538720
51.524548 2.901003
51.511551 2.894819
53.935173 3.205883
51.751232 2.879446
46.102589 3.476731
51.570454 2.849877
53.160423 3.102546
46.188431 3.476012
53.904404 3.286438
52.374859 2.692853
49.602222 2.829953
46.218639 3.546185
46.231236 3.531510
53.961388 3.188622
46.194008 3.499598
49.810947 2.737621
52.374229 2.695931
53.932766 3.206738
53.995876 3.162092
49.818439 2.730657
46.117325 3.495851
49.645798 2.818120
46.255428 3.536540
49.833607 2.728589
49.605175 2.777421
53.131962 3.154253
49.641369 2.827473
50.912209 2.747692
50.913956 2.762206
49.597977 2.850060
52.367477 2.702252
49.631664 2.832891
53.952911 3.192697
54.026951 3.140851
46.063858 3.398336
53.961906 3.189192
49.818264 2.728552
53.647186 3.700473
46.120968 3.501019
53.942398 3.244921
46.167065 3.524007
46.144657 3.470588
51.648872 2.956743
46.025082 3.402529
53.927624 3.210924
52.414661 2.655548
53.629272 3.705300
50.857098 2.775890
52.527599 2.319258
53.974354 3.179614
46.183426 3.508153
53.887730 3.299106
46.081898 3.502155
46.078365 3.493266
53.892937 3.295755
50.915787 2.741856
53.952911 3.192697
49.814816 2.734198
53.882545 3.291581
53.827461 3.211346
46.114357 3.397430
53.970757 3.179475
49.245617 2.767238
46.044697 3.399108
46.105274 3.491362
46.201115 3.510521
53.969658 3.167621
52.407715 2.660506
53.916878 3.291878
49.828930 2.729134
46.067951 3.492484
51.648872 2.956743
49.631657 2.832546
53.964691 3.184453
53.946072 3.197549
53.923550 3.261429
46.211483 3.532446
51.648872 2.956743
46.191944 3.522502
49.518559 2.828702
46.137955 3.388451
50.879997 2.763541
49.500622 2.842168
46.164997 3.523975
46.222897 3.547559
53.658806 3.699123
50.975002 2.736617
49.814816 2.734198
52.374859 2.692853
51.747604 2.866426
49.618156 2.837848
46.191944 3.522502
49.609756 2.826685
53.925690 3.259485
52.366371 2.704903
46.122963 3.507134
49.582951 2.800416
46.253220 3.535649
51.548931 2.868224
46.184959 3.505754
46.069683 3.407716
51.683475 2.819752
49.626759 2.830566
49.833607 2.728589
46.122963 3.507134
53.962669 3.186568
49.814816 2.734198
53.938072 3.205116
53.155125 3.107215
49.631664 2.832891
46.094051 3.517526
49.757820 2.674383
50.996197 2.705354
53.962669 3.186568
53.911049 3.276900
49.814816 2.734198
46.207634 3.545715
50.908302 2.741650
46.077541 3.368653
49.801945 2.739208
53.882969 3.302240
46.255428 3.536540
53.198681 3.129113
51.664093 2.950399
49.626759 2.830566
50.948509 2.740664
46.159962 3.508143
46.211483 3.532446
46.072048 3.491638
46.100735 3.400836
53.969658 3.167621
49.793560 2.741956
51.519768 2.894988
46.169025 3.506553
50.886745 2.753688
46.218639 3.546185
46.063858 3.398336
51.524548 2.901003
50.906059 2.751613
46.114357 3.397430
50.975002 2.736617
50.891129 2.748364
53.918453 3.270749
46.072773 3.396970
52.789852 2.761429
46.044697 3.399108
53.201260 3.129270
53.119358 3.159730
46.187691 3.514747
46.116089 3.398279
46.221447 3.523399
49.801945 2.739208
49.832085 2.729217
53.647186 3.700473
50.908302 2.741650
46.186451 3.512491
53.963379 3.258663
50.996197 2.705354
52.407715 2.660506
46.218639 3.546185
51.739719 2.897187
51.530041 2.893580
50.950623 2.741946
46.072773 3.396970
53.999313 3.165333
53.964691 3.184453
53.249916 3.099321
49.812092 2.733562
53.905979 3.286932
50.954071 2.729285
51.551842 2.862992
46.152405 3.501717
46.187531 3.504736
53.970757 3.179475
53.911049 3.276900
52.387814 2.678681
51.756634 2.882373
46.100735 3.400836
49.617477 2.834855
46.218639 3.546185
53.961906 3.189192
49.626759 2.830566
54.030411 3.411557
49.622684 2.773238
53.952911 3.192697
51.489086 2.916321
51.668541 2.943421
46.137955 3.388451
49.812092 2.733562
46.105274 3.491362
46.090057 3.399805
49.629810 2.833507
46.191944 3.522502
52.812412 2.756812
53.933147 3.254635
53.629272 3.705300
54.030411 3.411557
46.180420 3.495084
49.622684 2.773238
51.566628 2.873842
46.137955 3.388451
52.407715 2.660506
49.629810 2.833507
49.039783 2.616462
52.781952 2.769976
46.078365 3.493266
46.036724 3.403552
46.072048 3.491638
53.629272 3.705300
53.921906 3.267609
52.518627 2.322164
46.043293 3.400044
53.196983 3.132534
51.582428 2.859861
49.789406 2.734310
53.943016 3.259024
51.672649 2.838896
53.924240 3.260931
53.136017 3.124342
52.374229 2.695931
53.946072 3.197549
50.918083 2.739244
51.664822 2.849864
53.634617 2.900109
50.919956 2.742854
51.566628 2.873842
46.078880 3.491042
50.918549 2.740494
52.374859 2.692853
53.937862 3.203554
46.111679 3.489333
50.902977 2.753457
51.648872 2.956743
51.470753 2.928444
51.552120 2.871827
46.191315 3.505744
53.937260 3.254317
53.964886 3.183177
50.891129 2.748364
49.797749 2.738904
52.518627 2.322164
53.890671 3.291755
46.171257 3.497300
53.201260 3.129270
53.201260 3.129270
49.833607 2.728589
49.818439 2.730657
46.101448 3.473569
52.812412 2.756812
50.911369 2.741759
52.410423 2.665447
46.069683 3.407716
46.164997 3.523975
46.184959 3.505754
46.210449 3.529522
46.158970 3.497448
51.530041 2.893580
46.089382 3.491828
53.952911 3.192697
53.211967 3.117950
50.872818 2.766104
49.814217 2.733094
46.089382 3.491828
46.203964 3.530791
46.028263 3.403697
46.225945 3.532698
54.026951 3.140851
46.077526 3.490132
53.936691 3.251956
51.583878 2.840283
46.072773 3.396970
46.043293 3.400044
51.478249 2.931998
53.937260 3.254317
50.956707 2.737850
49.813282 2.737973
46.222897 3.547559
53.969658 3.167621
53.995876 3.162092
49.822990 2.729777
49.618156 2.837848
46.101913 3.501604
53.211967 3.117950
46.222897 3.547559
50.911022 2.759259
52.387814 2.678681
46.111679 3.489333
46.181259 3.503294
46.128372 3.512460
52.410423 2.665447
52.410423 2.665447
46.210449 3.529522
46.078365 3.493266
46.240112 3.528744
46.028263 3.403697
50.891129 2.748364
51.566628 2.873842
46.115360 3.397166
53.933147 3.254635
53.961906 3.189192
46.157749 3.493997
46.215408 3.530089
49.538685 2.869668
51.752815 2.876298
46.105274 3.491362
46.102589 3.476731
52.410423 2.665447
52.366371 2.704903
46.028126 3.401684
54.037804 3.419582
46.137955 3.388451
53.948200 3.247808
49.626759 2.830566
49.641506 2.817200
53.198681 3.129113
53.138226 3.127598
46.109039 3.502219
52.390984 2.686062
53.923550 3.261429
49.789406 2.734310
51.475491 2.927344
51.655529 2.945332
46.028263 3.403697
50.919956 2.742854
53.647186 3.700473
51.655529 2.945332
51.664093 2.950399
46.121067 3.492926
46.230614 3.536400
50.891129 2.748364
46.179146 3.525059
53.955887 3.190248
50.872818 2.766104
46.186451 3.512491
46.078365 3.493266
46.193497 3.506678
52.399841 2.676975
49.832085 2.729217
53.946072 3.197549
49.801945 2.739208
46.125271 3.398066
51.488533 2.926071
50.996197 2.705354
50.918549 2.740494
51.787399 2.852968
49.626759 2.830566
46.215408 3.530089
53.887703 3.298484
51.445923 2.924670
46.072773 3.396970
53.935173 3.205883
50.922684 2.745959
53.136017 3.124342
52.407715 2.660506
51.581902 2.862920
46.151600 3.496106
49.818439 2.730657
51.655529 2.945332
49.629810 2.833507
53.961906 3.189192
46.187531 3.504736
52.528286 2.318762
46.069683 3.407716
51.752815 2.876298
51.698593 3.079093
53.679516 3.026716
51.655430 2.956614
53.918453 3.270749
50.886745 2.753688
46.098988 3.488024
51.668541 2.943421
46.105274 3.491362
46.255428 3.536540
49.818260 2.665287
51.671394 2.943888
49.626759 2.830566
46.098988 3.488024
46.097088 3.402819
50.857098 2.775890
49.818260 2.665287
46.215408 3.530089
49.807011 2.739177
51.756634 2.882373
53.918411 3.266070
46.121067 3.492926
46.222897 3.547559
53.204868 3.129095
50.956707 2.737850
49.602222 2.829953
52.333832 2.729123
46.211685 3.545913
51.504219 2.900257
51.752815 2.876298
53.932766 3.206738
46.122963 3.507134
52.360348 2.704394
48.768623 2.876363
46.137955 3.388451
49.827885 2.726691
51.551842 2.862992
46.225945 3.532698
53.887703 3.298484
51.671394 2.943888
46.215408 3.530089
53.211967 3.117950
53.172459 3.180722
52.399841 2.676975
46.063858 3.398336
51.550224 2.886739
53.836994 3.211084
46.223686 3.501083
46.218639 3.546185
51.496250 2.921554
51.689449 2.928941
50.857098 2.775890
46.036724 3.403552
46.091511 3.474314
53.153198 3.111534
51.756977 2.872139
51.581902 2.862920
46.028126 3.401684
46.192009 3.532511
52.789852 2.761429
53.724014 3.047926
51.529530 2.883413
52.387814 2.678681
53.955887 3.190248
46.230816 3.547268
46.222897 3.547559
53.938072 3.205116
49.830750 2.724229
51.752815 2.876298
50.996197 2.705354
53.936295 3.279302
53.153198 3.111534
51.502972 2.915691
46.218639 3.546185
46.251835 3.537899
51.570454 2.849877
49.814816 2.734198
53.946072 3.197549
53.724014 3.047926
46.171703 3.503267
46.091511 3.474314
53.201260 3.129270
50.956707 2.737850
46.181259 3.503294
52.381138 2.685478
53.879795 3.293950
46.167065 3.524007
53.938072 3.205116
46.101448 3.473569
46.189899 3.475327
52.416233 2.661366
54.030411 3.411557
46.222897 3.547559
50.891129 2.748364
46.137955 3.388451
51.787399 2.852968
46.157871 3.507738
54.037640 3.447179
53.924240 3.260931
53.890671 3.291755
53.925690 3.259485
51.582428 2.859861
46.230816 3.547268
46.218639 3.546185
51.542015 2.887332
46.072773 3.396970
53.204868 3.129095
51.570454 2.849877
49.810947 2.737621
52.374859 2.692853
46.187531 3.504736
49.818439 2.730657
53.163662 3.125846
54.001259 3.441547
49.833607 2.728589
51.570885 2.870708
46.157871 3.507738
49.814816 2.734198
50.919628 2.738557
46.120968 3.501019
53.923550 3.261429
46.226288 3.501693
46.184959 3.505754
49.832085 2.729217
51.570454 2.849877
46.192009 3.532511
51.739719 2.897187
46.077541 3.368653
51.614445 2.841356
53.235874 3.116245
49.804424 2.737169
49.602222 2.829953
52.387814 2.678681
51.767693 2.872569
46.211685 3.545913
53.911049 3.276900
49.801945 2.739208
46.225945 3.532698
46.081898 3.502155
46.156956 3.509416
53.924751 3.213273
49.807011 2.739177
46.112888 3.491434
51.756977 2.872139
53.985764 3.170387
53.961906 3.189192
51.747227 2.872781
51.570885 2.870708
50.857098 2.775890
46.155163 3.486379
46.121067 3.492926
46.215408 3.530089
53.963379 3.258663
52.528286 2.318762
46.025082 3.402529
53.961906 3.189192
49.789406 2.734310
51.581902 2.862920
46.105274 3.491362
46.245468 3.545598
49.597977 2.850060
52.360348 2.704394
49.833607 2.728589
46.121067 3.492926
50.928551 2.746353
50.909927 2.750287
50.911022 2.759259
54.030411 3.411557
51.570454 2.849877
46.187531 3.504736
52.407715 2.660506
46.146584 3.485667
46.218639 3.546185
53.925690 3.259485
53.213249 3.112124
51.698593 3.079093
49.629810 2.833507
49.814816 2.734198
51.781620 2.857289
53.936295 3.279302
54.030411 3.411557
53.930424 3.256435
49.818439 2.730657
53.887730 3.299106
53.957672 3.194249
53.726410 3.044062
46.194008 3.499598
53.913811 3.272880
45.997845 3.407072
51.507294 2.903434
46.121067 3.492926
46.072773 3.396970
46.179573 3.509536
49.039783 2.616462
46.215408 3.530089
46.218639 3.546185
46.094051 3.517526
46.108406 3.405020
53.664062 3.705202
48.768623 2.876363
50.950623 2.741946
53.943016 3.259024
46.072048 3.491638
49.626759 2.830566
53.936295 3.279302
49.814816 2.734198
46.253220 3.535649
46.109039 3.502219
49.813282 2.737973
53.916878 3.291878
52.528286 2.318762
50.996197 2.705354
46.225945 3.532698
51.756977 2.872139
53.235874 3.116245
51.570454 2.849877
53.904404 3.286438
49.804424 2.737169
53.969658 3.167621
46.246643 3.534016
46.186451 3.512491
50.986794 2.729559
53.891533 3.285220
46.123802 3.494199
46.097088 3.402819
53.952911 3.192697
46.152405 3.501717
46.253220 3.535649
49.835876 2.724065
51.581902 2.862920
50.886745 2.753688
51.683475 2.819752
46.072773 3.396970
46.014523 3.403019
53.995876 3.162092
49.582951 2.800416
53.891533 3.285220
46.069683 3.407716
46.223686 3.501083
46.220497 3.536164
49.602222 2.829953
51.551842 2.862992
46.146584 3.485667
46.251835 3.537899
46.230007 3.499288
46.120968 3.501019
51.581902 2.862920
53.891533 3.285220
46.078365 3.493266
49.817108 2.734720
53.726410 3.044062
49.631664 2.832891
46.242924 3.527722
50.986794 2.729559
50.940224 2.728922
53.935173 3.205883
51.650284 2.889318
53.969658 3.167621
50.915787 2.741856
46.211483 3.532446
53.943016 3.259024
49.828930 2.729134
46.152405 3.501717
51.664421 2.932322
46.257153 3.535725
46.111553 3.474609
46.078365 3.493266
53.136017 3.124342
53.925690 3.259485
49.807011 2.739177
49.818439 2.730657
46.072773 3.396970
46.151600 3.496106
53.918453 3.270749
46.212738 3.504402
52.407715 2.660506
53.995876 3.162092
50.975002 2.736617
53.679516 3.026716
53.936691 3.251956
51.698593 3.079093
49.814217 2.733094
50.872818 2.766104
46.072773 3.396970
49.622684 2.773238
53.946072 3.197549
53.827461 3.211346
46.089077 3.492854
50.956707 2.737850
53.969658 3.167621
46.225945 3.532698
51.582428 2.859861
53.955887 3.190248
53.207951 3.136252
49.628323 2.829644
46.091511 3.474314
49.827885 2.726691
46.234730 3.507648
46.171257 3.497300
52.374859 2.692853
46.105274 3.491362
46.063858 3.398336
46.229328 3.540023
50.996197 2.705354
49.835667 2.718690
49.833607 2.728589
46.180420 3.495084
51.781620 2.857289
46.034084 3.405336
53.153198 3.111534
46.257153 3.535725
53.946072 3.197549
46.203621 3.495360
53.937260 3.254317
49.830750 2.724229
46.097179 3.492417
53.930424 3.256435
53.969658 3.167621
46.137955 3.388451
46.078365 3.493266
49.813282 2.737973
50.988651 2.725484
50.975002 2.736617
53.918411 3.266070
50.891129 2.748364
53.932495 3.200488
50.996197 2.705354
50.902977 2.753457
49.801945 2.739208
46.091511 3.474314
46.210449 3.529522
53.995876 3.162092
51.535892 2.893935
46.207504 3.510925
46.230816 3.547268
46.192009 3.532511
46.257153 3.535725
53.211967 3.117950
53.172459 3.180722
51.570454 2.849877
46.180420 3.495084
52.417118 2.665045
53.966084 3.181640
53.629272 3.705300
53.963379 3.258663
53.211967 3.117950
46.203621 3.495360
49.835667 2.718690
53.974354 3.179614
53.201260 3.129270
48.768623 2.876363
53.938072 3.205116
53.946072 3.197549
46.229328 3.540023
52.384327 2.683708
52.527599 2.319258
46.222897 3.547559
53.936295 3.279302
46.121067 3.492926
51.496250 2.921554
46.072048 3.491638
51.581902 2.862920
49.833607 2.728589
46.161499 3.523307
52.367477 2.702252
49.866772 2.712096
52.416233 2.661366
46.187950 3.504777
46.222897 3.547559
53.664062 3.705202
46.072773 3.396970
46.218639 3.546185
51.739719 2.897187
49.814816 2.734198
50.900749 2.747562
53.910255 3.298324
46.192009 3.532511
49.801945 2.739208
46.222897 3.547559
46.187531 3.504736
53.925690 3.259485
51.570454 2.849877
53.138355 3.139925
53.962669 3.186568
53.166473 3.114291
52.394623 2.680585
51.500340 2.905054
49.832085 2.729217
46.114357 3.397430
49.832016 2.723579
52.528286 2.318762
50.895638 2.755974
53.874020 3.295846
46.072048 3.491638
51.581902 2.862920
46.028263 3.403697
46.078365 3.493266
53.637836 3.705426
48.768623 2.876363
51.550224 2.886739
51.511551 2.894819
50.975002 2.736617
46.105228 3.475030
53.910255 3.298324
46.240112 3.528744
49.807011 2.739177
50.996197 2.705354
49.629810 2.833507
51.648872 2.956743
46.105274 3.491362
51.570454 2.849877
51.747227 2.872781
49.833607 2.728589
51.671394 2.943888
49.631664 2.832891
53.185867 3.084572
51.752815 2.876298
51.470753 2.928444
52.407715 2.660506
46.111679 3.489333
51.614445 2.841356
52.355164 2.710734
49.866772 2.712096
46.146584 3.485667
49.631664 2.832891
51.756634 2.882373
49.518559 2.828702
53.910255 3.298324
49.814217 2.733094
46.134712 3.517114
46.222897 3.547559
52.360348 2.704394
46.097179 3.492417
46.014523 3.403019
50.919956 2.742854
46.234730 3.507648
50.902977 2.753457
51.582428 2.859861
46.062092 3.478992
49.618156 2.837848
46.105274 3.491362
50.996197 2.705354
53.726410 3.044062
53.155125 3.107215
53.963379 3.258663
46.212738 3.504402
49.622684 2.773238
52.374229 2.695931
53.891533 3.285220
52.365440 2.696896
49.608154 2.847070
52.411625 2.668719
51.529530 2.883413
53.905979 3.286932
46.025082 3.402529
46.108406 3.405020
49.832085 2.729217
53.923550 3.261429
46.115360 3.397166
46.137955 3.388451
52.374859 2.692853
50.988651 2.725484
51.530041 2.893580
53.938072 3.205116
53.904404 3.286438
53.935173 3.205883
53.985764 3.170387
53.995876 3.162092
46.201115 3.510521
46.105228 3.475030
49.597263 2.843149
54.030411 3.411557
53.155125 3.107215
53.925690 3.259485
53.664062 3.705202
51.648872 2.956743
53.904404 3.286438
49.818439 2.730657
49.631664 2.832891
46.112888 3.491434
52.377190 2.695202
46.191315 3.505744
53.136017 3.124342
53.936691 3.251956
50.891129 2.748364
51.655529 2.945332
46.207634 3.545715
51.530041 2.893580
46.218639 3.546185
51.752815 2.876298
50.902977 2.753457
53.963379 3.258663
53.891533 3.285220
51.650284 2.889318
46.230614 3.536400
46.078880 3.491042
46.151600 3.496106
53.197979 3.130985
53.827461 3.211346
46.097088 3.402819
46.182297 3.505165
49.835667 2.718690
50.922684 2.745959
51.756977 2.872139
46.222897 3.547559
46.229351 3.532212
51.781620 2.857289
46.081898 3.502155
51.671394 2.943888
53.726410 3.044062
46.091511 3.474314
49.789406 2.734310
46.245468 3.545598
53.995876 3.162092
52.374859 2.692853
51.524548 2.901003
46.016106 3.407885
52.365440 2.696896
51.756634 2.882373
53.995876 3.162092
46.234730 3.507648
46.191944 3.522502
46.121067 3.492926
53.925690 3.259485
46.078365 3.493266
50.996197 2.705354
46.091511 3.474314
53.887730 3.299106
46.091511 3.474314
46.036724 3.403552
53.957672 3.194249
51.542015 2.887332
51.739719 2.897187
46.158970 3.497448
46.222897 3.547559
51.722668 3.058004
46.069683 3.407716
53.629272 3.705300
