54.012920 3.200981
51.954803 3.600597
48.756386 3.792647
47.330482 3.364880
48.109886 3.177557
52.507404 3.705826
54.015484 2.866424
49.222633 3.254559
47.655762 3.338634
50.781609 3.616764
48.876526 3.136795
51.001678 3.722367
52.761410 3.470419
49.390995 3.199076
53.893673 3.551558
53.869476 3.561012
50.747551 3.280303
52.738049 3.815570
49.969162 2.797651
51.599155 3.289732
51.964500 3.600742
49.468906 3.027424
53.884125 3.557111
52.338905 3.806780
53.884125 3.557111
52.726429 3.475032
49.575481 3.285531
49.439945 2.952250
52.599091 3.881933
49.412262 3.194374
47.373341 3.364337
45.078690 3.526810
53.943253 3.539858
54.015484 2.866424
52.328766 3.800508
49.702347 3.295910
46.973248 2.986245
53.957378 3.768228
49.343491 3.082463
52.274117 3.317359
48.290573 3.487672
52.761410 3.470419
50.740921 3.511536
48.288193 3.484896
48.283485 3.487210
49.705208 3.308416
47.946472 3.298077
52.311661 3.811322
52.832642 3.618665
52.473633 3.710680
48.885002 3.135195
47.734833 2.921030
48.866421 3.137347
48.474373 3.118142
47.332829 3.369781
50.736488 3.485630
49.719055 3.292741
53.955379 3.542438
47.813450 3.306164
53.101326 3.915781
52.324818 3.680388
48.885002 3.135195
54.139351 3.148704
53.870987 2.918906
52.519794 3.698256
53.899517 3.552733
52.519794 3.698256
53.101326 3.915781
47.669975 3.380318
50.100246 2.910215
48.336994 3.354147
52.427105 3.808755
50.320267 3.234431
52.339993 3.802798
46.885803 2.924758
53.992428 2.753851
50.946922 3.558604
53.987000 3.536662
47.730896 2.921696
52.404579 3.820112
53.968426 3.546929
51.044113 3.077576
54.094673 3.003597
45.131210 3.545689
53.807800 3.974073
53.894588 3.553090
49.471813 3.027055
47.811588 3.308291
50.892437 3.530759
53.894588 3.553090
52.307747 3.812267
50.909275 3.572774
47.580296 3.045030
47.332829 3.369781
53.917175 3.307089
54.065723 2.352512
50.087608 2.916251
51.117992 3.245775
50.767815 3.049778
53.894588 3.553090
51.083145 3.058671
45.187683 1.398412
53.933456 3.775582
52.722492 3.821907
48.952141 3.276469
49.453636 3.027392
52.241882 3.647866
50.814323 3.046701
51.120872 3.251003
51.083145 3.058671
52.519794 3.698256
45.121979 3.542129
52.762821 3.480757
51.589844 3.293619
48.646996 3.238682
52.780350 3.466144
48.944633 3.285668
52.325787 3.806049
50.743137 3.508543
50.719040 3.262198
50.572636 3.175249
53.933456 3.775582
50.941940 3.566457
51.364182 3.277787
50.355598 2.938430
48.734047 3.088805
53.048710 3.738759
53.992428 2.753851
47.598461 3.049847
53.048710 3.738759
49.467808 3.025689
49.336021 3.418325
53.961472 3.538631
49.979046 2.795612
47.798885 3.305412
45.078690 3.526810
49.317234 3.415055
50.702465 3.270528
48.171017 3.133823
50.137920 3.072047
52.324913 3.808478
52.241882 3.647866
53.135437 3.748186
53.881405 2.914983
49.343319 3.080051
47.730896 2.921696
50.941940 3.566457
45.159927 3.560486
50.045311 3.202806
45.078690 3.526810
47.892021 2.595410
52.076927 3.587753
52.356670 3.808334
48.109886 3.177557
52.392921 3.866789
53.496418 3.413360
47.160881 4.013109
48.180916 3.173189
45.121025 3.540660
49.448200 3.013211
53.945183 3.544111
51.117992 3.245775
47.332829 3.369781
49.702930 3.114821
52.289204 3.695918
48.789742 3.372684
45.084698 3.532813
49.317234 3.415055
48.907513 3.172805
50.961658 3.556695
49.343071 3.408962
46.270123 4.127827
53.871437 2.922286
54.065723 2.352512
51.429729 3.302625
53.132221 3.910694
53.064747 3.865520
53.400696 3.810745
53.898422 3.555866
52.289204 3.695918
48.745888 3.365697
52.620651 3.889656
50.969482 3.807916
54.161621 2.972635
49.316845 3.066111
52.338905 3.806780
48.788376 3.359039
52.874573 3.819405
53.898422 3.555866
50.721512 3.278238
53.755299 3.504813
52.620651 3.889656
52.753635 3.472157
45.128387 3.547834
50.464249 2.673604
51.936329 3.607672
52.328152 3.806493
53.970676 3.537169
53.952869 3.544889
50.715454 3.428857
45.098709 3.534080
52.740528 3.520868
48.290573 3.487672
46.598137 4.060291
48.808926 3.377587
50.732021 3.500956
48.862728 3.066040
48.313461 3.361305
53.998520 3.529603
48.875553 3.140039
48.313461 3.361305
53.945183 3.544111
48.705338 3.009128
46.434422 3.327965
49.988060 3.377910
54.068043 2.800280
47.099133 4.661814
49.404938 2.948169
50.815781 3.054872
47.811588 3.308291
50.780708 3.616059
50.946766 3.568003
50.125053 3.218827
50.814323 3.046701
47.248718 1.557572
53.101326 3.915781
48.185287 3.409259
50.717388 3.516782
52.740528 3.520868
50.961658 3.556695
52.726429 3.475032
54.087425 3.159340
49.986111 3.362753
50.086319 2.921897
51.194168 2.872824
52.338905 3.806780
47.498123 2.430493
48.305126 3.485579
49.380032 3.194063
47.794582 3.561254
49.343071 3.408962
48.944633 3.285668
49.374081 3.200719
54.089470 2.793057
52.820023 3.480869
53.987000 3.536662
50.750137 3.283875
53.889736 3.559924
49.404938 2.948169
52.298691 3.817847
48.846409 3.064291
48.181026 3.130565
48.305233 3.476357
52.532730 3.701544
46.875053 2.926711
50.797287 3.495740
48.703617 3.010106
49.222633 3.254559
53.885818 3.564372
48.288193 3.484896
51.575001 3.335128
53.694347 2.111044
54.068043 2.800280
49.414066 3.187875
52.292366 3.644217
47.708294 2.904966
50.572636 3.175249
52.298691 3.817847
54.031139 2.817455
53.048710 3.738759
50.974899 3.412993
52.513592 3.699213
49.390488 3.195783
53.870960 3.563605
54.097958 2.999950
50.929184 3.560396
52.324818 3.680388
53.933456 3.775582
46.973248 2.986245
53.846058 2.928208
54.161621 2.972635
50.910034 3.577071
53.893673 3.551558
53.992428 2.753851
50.700871 3.571480
50.087608 2.916251
50.709148 3.297072
48.885170 3.057703
48.753872 3.384699
52.369396 3.803349
54.113422 3.156422
50.289280 3.243230
51.589844 3.293619
52.277760 3.703971
51.058781 3.069034
50.464249 2.673604
52.857079 3.614085
50.688980 3.301156
50.709148 3.297072
52.834129 3.617272
53.333893 3.529974
50.883625 3.529244
48.924511 3.281413
52.421707 3.813761
50.266426 3.251931
50.974899 3.412993
50.781609 3.616764
48.180916 3.173189
53.971992 3.537705
52.886139 3.817050
49.434345 3.024552
51.823116 3.379158
50.721512 3.278238
45.159927 3.560486
49.448200 3.013211
46.901695 2.921321
48.944633 3.285668
54.006153 2.559297
50.025368 3.198244
50.776913 3.500741
52.436802 3.802417
49.366333 3.204247
49.535095 2.973144
52.333698 3.801993
51.589844 3.293619
50.963360 3.562721
49.448200 3.013211
53.933456 3.775582
48.862728 3.066040
51.276539 3.397535
48.852146 3.144946
50.936794 3.575994
52.309319 3.689536
49.375946 3.328306
52.289204 3.695918
50.739407 3.493942
51.057102 3.073728
51.095554 3.633703
51.105724 3.242967
48.219364 2.098103
45.078690 3.526810
53.857513 2.927433
46.877808 4.450529
48.703617 3.010106
47.523369 2.437166
52.824104 3.615240
50.815800 3.497214
50.906551 3.514416
51.001678 3.722367
45.119522 3.544784
21.587795 13.676739
50.778313 3.054402
50.755543 3.489777
51.093948 3.247327
46.875053 2.926711
51.823116 3.379158
48.868534 3.136750
51.029640 3.117324
53.217693 3.979188
48.500229 3.113651
53.217693 3.979188
53.955379 3.542438
51.103153 3.252970
53.992428 2.753851
52.080215 3.592085
54.065723 2.352512
54.097958 2.999950
49.411892 3.036650
53.956127 3.552490
47.580296 3.045030
48.703617 3.010106
49.404938 2.948169
53.987000 3.536662
52.422462 3.653022
51.105724 3.242967
53.885818 3.564372
50.794643 3.620605
54.020218 2.403736
52.987812 3.606423
51.054424 3.070845
50.993210 3.810686
46.885803 2.924758
50.736488 3.485630
50.700871 3.571480
47.160881 4.013109
48.022812 2.755188
49.380131 3.192610
51.103153 3.252970
50.558899 3.170310
53.945183 3.544111
48.730682 3.006265
48.608173 3.132744
53.898422 3.555866
47.572704 3.040552
53.852859 3.561978
50.709148 3.297072
50.961658 3.556695
48.730682 3.006265
47.523369 2.437166
48.022812 2.755188
52.421707 3.813761
52.414753 3.652081
54.087490 2.899664
50.131229 3.429988
45.119522 3.544784
50.125053 3.218827
53.935184 3.554426
47.523369 2.437166
50.929184 3.560396
50.013569 3.378428
43.749840 2.196134
50.084282 2.912782
53.101326 3.915781
51.104309 3.249694
43.749840 2.196134
50.523396 3.510585
50.311687 3.233074
50.718330 3.502420
52.519794 3.698256
48.974854 3.258927
52.422462 3.653022
49.719055 3.292741
48.181026 3.130565
53.899517 3.552733
51.599155 3.289732
50.311687 3.233074
49.472153 3.030035
46.598137 4.060291
51.964500 3.600742
53.908234 3.555824
54.161621 2.972635
52.834618 3.621102
51.973862 3.173438
49.371727 3.316810
53.101326 3.915781
48.204124 3.126344
50.041836 3.192982
50.704941 3.435170
53.934383 3.770089
51.088806 3.254784
47.392616 2.993079
48.703617 3.010106
50.815781 3.054872
50.755505 3.274388
46.874363 2.924828
52.757694 3.529376
54.020218 2.403736
48.134834 3.174726
48.495449 3.114915
48.859676 3.139189
46.973248 2.986245
53.885818 3.564372
49.454407 3.026655
48.875553 3.140039
50.464249 2.673604
47.638149 2.913239
54.087490 2.899664
52.327854 3.815138
52.459106 3.794556
47.700817 3.373615
50.792320 3.043375
52.810856 3.620715
45.121979 3.542129
50.418106 3.769145
52.761410 3.470419
50.100246 2.910215
53.496418 3.413360
51.124275 3.250612
48.859676 3.139189
49.454407 3.026655
54.031139 2.817455
53.881405 2.914983
47.638149 2.913239
45.078690 3.526810
50.366287 2.947749
52.500595 3.704462
50.041836 3.192982
53.496418 3.413360
50.702465 3.270528
47.395039 2.989059
50.100246 2.910215
51.088806 3.254784
50.107822 3.071882
53.898422 3.555866
52.277760 3.703971
50.719040 3.262198
52.327854 3.815138
52.761410 3.470419
47.056759 1.383266
50.776913 3.500741
53.870960 3.563605
48.120857 3.112323
53.889172 3.562493
50.311687 3.233074
51.047119 3.072312
53.197216 3.658841
53.894588 3.553090
54.065723 2.352512
48.959114 3.407082
49.986111 3.362753
52.425301 3.651699
50.100246 2.910215
49.454506 3.025370
53.881405 2.914983
45.119522 3.544784
46.973248 2.986245
54.020218 2.403736
49.454506 3.025370
51.124275 3.250612
52.510868 3.705021
52.500595 3.704462
52.747299 3.523723
48.735924 3.365455
50.943039 3.811814
52.455627 3.803589
50.993210 3.810686
51.117992 3.245775
54.012920 3.200981
48.336994 3.354147
48.830692 3.138777
51.047119 3.072312
48.942814 3.272543
53.887371 2.914394
48.862728 3.066040
49.390995 3.199076
48.710609 3.103365
49.398743 3.312316
52.338905 3.806780
50.464249 2.673604
52.282570 2.975597
53.892776 2.922449
48.173641 3.553374
49.469177 2.942093
51.944214 3.602662
48.730209 3.368170
47.279053 4.553855
48.022812 2.755188
50.458805 2.677732
49.411892 3.036650
50.737446 3.491343
53.943253 3.539858
48.924511 3.281413
53.884937 3.561984
53.496418 3.413360
52.436802 3.802417
52.726429 3.475032
53.892776 2.922449
52.620651 3.889656
53.496418 3.413360
49.439945 2.952250
48.124252 3.178200
53.910831 3.552682
48.781628 3.362720
53.755299 3.504813
51.083145 3.058671
51.964500 3.600742
47.572704 3.040552
53.137314 3.752721
50.523396 3.510585
47.780884 3.316756
48.833099 3.146679
52.287758 3.639533
49.986454 2.800444
48.859676 3.139189
52.740528 3.520868
53.860767 3.571816
50.099804 3.443959
52.356670 3.808334
53.884937 3.561984
48.191166 3.546236
51.078472 3.063155
50.919495 3.574730
48.866421 3.137347
48.608173 3.132744
52.427105 3.808755
53.852859 3.561978
47.332829 3.369781
48.730682 3.006265
48.315968 3.357190
52.436802 3.802417
53.887917 3.560486
53.889736 3.559924
51.954803 3.600597
52.761410 3.470419
50.943584 3.812760
47.580296 3.045030
52.864540 3.824823
50.910034 3.577071
50.961658 3.556695
48.052887 3.328576
48.777500 3.372051
52.874573 3.819405
54.084179 3.167455
49.378315 3.313817
47.385189 2.995636
51.575001 3.335128
52.328766 3.800508
48.876526 3.136795
52.241882 3.647866
53.894588 3.553090
50.776913 3.500741
45.120872 3.543290
51.936329 3.607672
53.899517 3.552733
53.965164 3.849779
53.887917 3.560486
48.885002 3.135195
51.599155 3.289732
53.048710 3.738759
50.757946 3.504834
48.288193 3.484896
53.894588 3.553090
50.792320 3.043375
48.818214 3.381481
46.877808 4.450529
50.590305 3.173194
50.936954 3.562450
51.396759 3.264457
53.973301 3.538656
51.088806 3.254784
51.954803 3.600597
45.094379 3.536301
50.919495 3.574730
54.084179 3.167455
50.814880 3.048072
48.671127 3.100556
54.084179 3.167455
50.792320 3.043375
54.161621 2.972635
50.013569 3.378428
51.964500 3.600742
53.943253 3.539858
54.071133 2.810814
48.862728 3.066040
52.824104 3.615240
48.868534 3.136750
52.740528 3.520868
50.738892 3.515774
49.347256 3.066569
50.781609 3.616764
53.258823 3.972870
53.064747 3.865520
53.896782 3.557106
45.121979 3.542129
53.935184 3.554426
53.993416 3.528909
54.064873 2.364693
51.083145 3.058671
47.669975 3.380318
52.276833 3.641209
50.748386 3.274268
49.535095 2.973144
52.307747 3.812267
45.078690 3.526810
49.685959 3.305290
52.825623 3.829846
51.592808 3.299697
49.411892 3.036650
48.705338 3.009128
48.846409 3.064291
51.047119 3.072312
50.128365 3.431629
52.509945 3.698589
48.288193 3.484896
53.899517 3.552733
51.083145 3.058671
51.610531 2.734858
45.131210 3.545689
46.875053 2.926711
53.884937 3.561984
48.830692 3.138777
48.781628 3.362720
52.332527 3.797463
50.738285 3.499344
52.718571 3.817637
50.909275 3.572774
50.815781 3.054872
53.887917 3.560486
53.910831 3.552682
53.932648 3.313163
53.887917 3.560486
50.796822 3.501137
49.447937 2.939794
49.955875 2.804032
50.306927 3.237773
48.852146 3.144946
53.304836 3.532061
52.298691 3.817847
50.790836 3.053092
50.590305 3.173194
53.961472 3.538631
52.733250 3.474427
53.884125 3.557111
53.496418 3.413360
54.071133 2.810814
53.101326 3.915781
50.910034 3.577071
53.896782 3.557106
49.162895 3.405239
50.289280 3.243230
51.058781 3.069034
48.608173 3.132744
52.740528 3.520868
49.417629 3.034626
50.084690 2.920751
53.884937 3.561984
53.961472 3.538631
51.624508 3.294359
50.289280 3.243230
51.047119 3.072312
48.779961 3.379557
53.045979 3.868276
53.899517 3.552733
53.894314 3.557520
48.877747 3.062960
53.135437 3.748186
49.719997 3.295565
48.191166 3.546236
51.411213 3.611889
52.761410 3.470419
45.187683 1.398412
53.860767 3.571816
50.715454 3.428857
48.942814 3.272543
45.679859 4.193240
54.219776 3.055880
52.718571 3.817637
51.113205 3.249982
48.288193 3.484896
53.945438 3.540783
52.356670 3.808334
21.587795 13.676739
50.289280 3.243230
50.736488 3.485630
53.910831 3.552682
50.921715 3.567783
47.780884 3.316756
51.047119 3.072312
48.730209 3.368170
50.757946 3.504834
52.500595 3.704462
48.533398 3.648072
47.780884 3.316756
50.738285 3.499344
48.111317 3.186650
48.694569 3.092871
48.866421 3.137347
54.161621 2.972635
52.309319 3.689536
51.100025 3.250107
45.131210 3.545689
47.734833 2.921030
52.330490 3.807680
52.508785 3.704246
54.005810 2.899390
50.792320 3.043375
51.592808 3.299697
52.820004 3.482956
50.677746 3.309934
50.715454 3.428857
54.186218 2.976032
47.793427 3.308327
50.792320 3.043375
46.989521 2.984881
48.683739 3.020533
54.068043 2.800280
53.875572 3.564843
48.336994 3.354147
48.137699 3.102707
48.735924 3.365455
53.558430 3.707651
47.580296 3.045030
53.884125 3.557111
54.097958 2.999950
48.859676 3.139189
51.966568 3.172674
53.217693 3.979188
50.780708 3.616059
52.404579 3.820112
48.623589 3.129092
48.899868 3.289536
50.715454 3.428857
51.599155 3.289732
49.743027 2.972573
50.909275 3.572774
50.936108 3.565726
50.952381 3.178511
51.592808 3.299697
47.435013 2.945072
53.899517 3.552733
52.853088 3.616341
46.977531 2.990777
52.307747 3.812267
53.889439 3.565571
53.101326 3.915781
52.486008 3.708862
48.830692 3.138777
50.776913 3.500741
50.909275 3.572774
51.095554 3.633703
52.864540 3.824823
50.087608 2.916251
54.087490 2.899664
50.717388 3.516782
54.099506 3.000904
47.248718 1.557572
50.472012 2.672717
48.866421 3.137347
54.073532 2.799124
53.897217 2.907185
47.824772 3.314370
52.519794 3.698256
49.350224 3.210002
48.671127 3.100556
49.299080 3.002628
49.411678 3.312864
50.815781 3.054872
53.048710 3.738759
50.700871 3.571480
52.752674 3.526617
48.703617 3.010106
48.139156 3.139122
50.815628 3.083488
49.389652 3.199914
47.572704 3.040552
51.966568 3.172674
53.101326 3.915781
53.955379 3.542438
52.324818 3.680388
50.767815 3.049778
53.889172 3.562493
51.047119 3.072312
50.780708 3.616059
50.797287 3.495740
50.910034 3.577071
48.313110 3.366439
47.808220 3.315563
53.892769 2.904714
48.907513 3.172805
52.824104 3.615240
49.434345 3.024552
52.886139 3.817050
45.119522 3.544784
50.590305 3.173194
49.374081 3.200719
47.780884 3.316756
49.993675 3.389280
50.794643 3.620605
52.753635 3.472157
50.702465 3.270528
50.774471 3.050107
52.874573 3.819405
46.875053 2.926711
21.587795 13.676739
46.875053 2.926711
48.942814 3.272543
47.398327 2.989449
48.180195 3.552595
50.715454 3.428857
53.048710 3.738759
52.497528 3.708374
54.089470 2.793057
53.896782 3.557106
53.906315 3.557457
53.952869 3.544889
45.692207 4.185248
54.105137 2.343231
49.377949 3.318074
49.955875 2.804032
54.065723 2.352512
50.700871 3.571480
49.447937 2.939794
47.160881 4.013109
49.955875 2.804032
47.523369 2.437166
49.434345 3.024552
50.748386 3.274268
49.404057 3.195132
53.304836 3.532061
50.792320 3.043375
48.734047 3.088805
49.374081 3.200719
50.558899 3.170310
49.454506 3.025370
51.575001 3.335128
48.604195 3.144003
46.973248 2.986245
50.738892 3.515774
51.964500 3.600742
50.774979 3.057001
53.060417 3.865115
51.124275 3.250612
51.589844 3.293619
53.936073 3.555960
53.885818 3.564372
46.877808 4.450529
45.119522 3.544784
48.177036 3.553868
48.120857 3.112323
50.047668 3.193374
53.910217 2.397381
46.973248 2.986245
50.952381 3.178511
53.909893 3.554979
53.064747 3.865520
49.472153 3.030035
50.101810 3.436563
50.947224 3.186375
48.638443 3.130630
50.100246 2.910215
50.084282 2.912782
49.343491 3.082463
51.276539 3.397535
48.862728 3.066040
50.718945 3.428306
50.590305 3.173194
48.604195 3.144003
52.330490 3.807680
47.837738 3.315072
52.328152 3.806493
52.825623 3.829846
47.056759 1.383266
54.065723 2.352512
52.404579 3.820112
47.811588 3.308291
53.952869 3.544889
45.078690 3.526810
51.047119 3.072312
51.001678 3.722367
52.276833 3.641209
53.915882 3.540453
51.088806 3.254784
50.719967 3.283925
46.973248 2.986245
53.986595 3.851227
50.793270 3.051045
50.025368 3.198244
50.107822 3.071882
52.833530 3.613612
53.971992 3.537705
53.887917 3.560486
48.808926 3.377587
53.893673 3.551558
52.505047 3.705974
49.173923 3.401545
46.875053 2.926711
53.060417 3.865115
48.682419 3.100349
53.852859 3.561978
53.894314 3.557520
46.882782 2.929101
52.356670 3.808334
50.099804 3.443959
50.700871 3.571480
53.713409 3.507303
45.131210 3.545689
48.313461 3.361305
53.048710 3.738759
50.700871 3.571480
49.707790 3.287911
51.054424 3.070845
51.097500 3.056902
52.414753 3.652081
53.888508 3.561857
47.580296 3.045030
50.041836 3.192982
53.064747 3.865520
50.946766 3.568003
51.047119 3.072312
45.124157 3.542922
53.952869 3.544889
48.126442 3.184811
52.328152 3.806493
50.715130 3.266522
49.467808 3.025689
51.083145 3.058671
48.862728 3.066040
51.575001 3.335128
49.373505 3.201580
48.885170 3.057703
48.818214 3.381481
48.942814 3.272543
52.414753 3.652081
48.313461 3.361305
49.173923 3.401545
52.824104 3.615240
48.859676 3.139189
48.735924 3.365455
53.894588 3.553090
54.025238 2.886978
47.813988 3.310521
50.815800 3.497214
50.289280 3.243230
52.307747 3.812267
50.793270 3.051045
48.120857 3.112323
51.093948 3.247327
50.789818 3.495138
51.088806 3.254784
53.875572 3.564843
53.909893 3.554979
54.025238 2.886978
49.008766 3.384965
50.794643 3.620605
53.896782 3.557106
53.910831 3.552682
50.815800 3.497214
53.955379 3.542438
52.006165 3.296547
49.481781 3.015989
50.472012 2.672717
49.173923 3.401545
47.580296 3.045030
53.901691 2.911738
53.896782 3.557106
50.793270 3.051045
53.973301 3.538656
48.623173 3.132767
52.287758 3.639533
53.971779 3.542723
48.290573 3.487672
48.288193 3.484896
51.054424 3.070845
50.815781 3.054872
52.408649 3.651976
52.519794 3.698256
51.964500 3.600742
51.100025 3.250107
48.146351 3.098631
54.005810 2.899390
50.788811 3.051200
48.139156 3.139122
53.895351 3.562917
53.908234 3.555824
54.105137 2.343231
46.877808 4.450529
50.767815 3.049778
47.435013 2.945072
48.623173 3.132767
47.655762 3.338634
53.952869 3.544889
52.012653 3.297174
51.624508 3.294359
48.638443 3.130630
50.738232 3.495332
52.523491 3.701324
53.712002 2.102917
53.048710 3.738759
52.298691 3.817847
53.896782 3.557106
21.587795 13.676739
53.971992 3.537705
49.586475 2.534785
52.018616 3.299922
48.111317 3.186650
50.590305 3.173194
48.181026 3.130565
52.328766 3.800508
51.603554 3.297742
51.047119 3.072312
52.726429 3.475032
53.496418 3.413360
47.477898 2.424919
52.753635 3.472157
49.378315 3.313817
51.994793 3.298980
52.307747 3.812267
52.504574 3.698137
53.101326 3.915781
50.915646 3.565197
53.897217 2.907185
48.146351 3.098631
53.948387 3.318228
49.222633 3.254559
53.952869 3.544889
50.794643 3.620605
48.862728 3.066040
53.944729 3.768865
51.075245 3.064113
49.173923 3.401545
52.820004 3.482956
54.161621 2.972635
50.024574 3.193770
51.083145 3.058671
53.899517 3.552733
50.738232 3.495332
46.875053 2.926711
48.683739 3.020533
52.486008 3.708862
52.726429 3.475032
50.088524 2.908284
49.173923 3.401545
53.755299 3.504813
48.952141 3.276469
53.896782 3.557106
52.404579 3.820112
51.599155 3.289732
52.455627 3.803589
50.102997 3.433105
50.702465 3.270528
48.173641 3.553374
52.761410 3.470419
45.121979 3.542129
50.755505 3.274388
48.181026 3.130565
52.761410 3.470419
48.315968 3.357190
54.089470 2.793057
49.607391 2.521960
53.899517 3.552733
51.597954 3.290077
49.343071 3.408962
50.738285 3.499344
47.435013 2.945072
53.888508 3.561857
52.824104 3.615240
51.986736 3.305185
48.336994 3.354147
47.477898 2.424919
52.500595 3.704462
50.086319 2.921897
53.957378 3.768228
48.802036 3.380928
48.952141 3.276469
53.496418 3.413360
54.068043 2.800280
53.887917 3.560486
48.629330 3.125167
51.594826 3.325305
45.078690 3.526810
52.761410 3.470419
52.825623 3.829846
53.304836 3.532061
50.700871 3.571480
54.011654 3.837713
53.889172 3.562493
50.974899 3.412993
50.125053 3.218827
48.924873 3.278778
46.977531 2.990777
50.792320 3.043375
48.313461 3.361305
46.276512 4.133636
50.700871 3.571480
49.414066 3.187875
52.320183 3.808292
53.908234 3.555824
51.194168 2.872824
50.946766 3.568003
49.988060 3.377910
52.821960 3.612890
50.099804 3.443959
52.836422 3.620586
51.594826 3.325305
50.794643 3.620605
54.064873 2.364693
48.129574 3.140089
50.709148 3.297072
50.091621 2.914800
50.797287 3.495740
50.792320 3.043375
46.276512 4.133636
48.830692 3.138777
50.797287 3.495740
49.343071 3.408962
50.736488 3.485630
48.154518 3.135949
53.496418 3.413360
45.078690 3.526810
50.715130 3.266522
47.811588 3.308291
52.330490 3.807680
50.754036 3.492108
48.266708 3.501163
48.885002 3.135195
48.638443 3.130630
52.012653 3.297174
50.788811 3.051200
48.885002 3.135195
50.289280 3.243230
51.575001 3.335128
53.910831 3.552682
46.877808 4.450529
45.679859 4.193240
51.083145 3.058671
51.058781 3.069034
48.818214 3.381481
53.906315 3.557457
48.730682 3.006265
51.001678 3.722367
52.718571 3.817637
50.774471 3.050107
50.086319 2.921897
53.957378 3.768228
49.374081 3.200719
48.942814 3.272543
50.702465 3.270528
52.874573 3.819405
53.908234 3.555824
52.864540 3.824823
54.097958 2.999950
52.012653 3.297174
48.180916 3.173189
54.065723 2.352512
48.288193 3.484896
47.056759 1.383266
46.973248 2.986245
54.153263 2.969099
53.908234 3.555824
46.877808 4.450529
48.111317 3.186650
46.875053 2.926711
50.137920 3.072047
53.952869 3.544889
52.287758 3.639533
50.464249 2.673604
53.871437 2.922286
53.856956 2.924266
49.434345 3.024552
47.734833 2.921030
49.377949 3.318074
52.718571 3.817637
53.908234 3.555824
50.750828 3.488170
52.761410 3.470419
45.119522 3.544784
54.084179 3.167455
51.589844 3.293619
47.392323 2.993348
51.608749 2.733126
48.623589 3.129092
52.810856 3.620715
51.599155 3.289732
53.892769 2.904714
48.899868 3.289536
53.961472 3.538631
53.961472 3.538631
45.131210 3.545689
54.064873 2.364693
52.853088 3.616341
50.767815 3.049778
49.372601 3.201075
54.020218 2.403736
52.864540 3.824823
48.129574 3.140089
52.810856 3.620715
51.575001 3.335128
48.181026 3.130565
51.083145 3.058671
48.862728 3.066040
53.884125 3.557111
45.078690 3.526810
53.987000 3.536662
50.793270 3.051045
50.472012 2.672717
54.099506 3.000904
53.945183 3.544111
48.146351 3.098631
47.669975 3.380318
53.897217 2.907185
52.519794 3.698256
48.745888 3.365697
48.181026 3.130565
52.761410 3.470419
45.078690 3.526810
52.356670 3.808334
54.087425 3.159340
47.892021 2.595410
51.047119 3.072312
48.111317 3.186650
49.986111 3.362753
52.519794 3.698256
52.532730 3.701544
52.836422 3.620586
45.131210 3.545689
49.607391 2.521960
53.048710 3.738759
53.887917 3.560486
48.022812 2.755188
53.945183 3.544111
50.946766 3.568003
49.412262 3.194374
47.523369 2.437166
51.599350 3.285731
53.860767 3.571816
49.404057 3.195132
52.836422 3.620586
49.389652 3.199914
53.881405 2.914983
48.131535 3.175797
52.825623 3.829846
46.973248 2.986245
54.098278 2.334902
54.105137 2.343231
52.878185 3.613515
46.875053 2.926711
50.775543 3.055080
54.068043 2.800280
49.562336 2.965701
54.161621 2.972635
53.894588 3.553090
52.277760 3.703971
53.884937 3.561984
47.373341 3.364337
51.001678 3.722367
51.047119 3.072312
52.320183 3.808292
53.894588 3.553090
53.137314 3.752721
53.957378 3.768228
50.915646 3.565197
45.078690 3.526810
53.713409 3.507303
49.414066 3.187875
52.327854 3.815138
50.755543 3.489777
50.946766 3.568003
51.589844 3.293619
53.496418 3.413360
53.943253 3.539858
49.411678 3.312864
52.277760 3.703971
49.719055 3.292741
50.919495 3.574730
52.834129 3.617272
52.726429 3.475032
51.575001 3.335128
50.789818 3.495138
52.821960 3.612890
53.894314 3.557520
50.993210 3.810686
53.060417 3.865115
50.909275 3.572774
52.820004 3.482956
21.587795 13.676739
48.170040 3.136071
50.936954 3.562450
51.618427 3.286963
48.808754 3.378653
50.099804 3.443959
48.942814 3.272543
50.523396 3.510585
46.877808 4.450529
51.364182 3.277787
50.738232 3.495332
50.700871 3.571480
53.064747 3.865520
48.549866 3.655958
53.909893 3.554979
52.836422 3.620586
48.022812 2.755188
48.313110 3.366439
51.001678 3.722367
50.776913 3.500741
46.973248 2.986245
53.973301 3.538656
50.943039 3.811814
51.603554 3.297742
48.623589 3.129092
53.496418 3.413360
48.251644 3.492163
50.946766 3.568003
46.276512 4.133636
53.889439 3.565571
49.556705 2.963500
53.978745 3.524738
47.435013 2.945072
50.750828 3.488170
51.001678 3.722367
52.519794 3.698256
50.740921 3.511536
50.936954 3.562450
51.047119 3.072312
53.217693 3.979188
48.942814 3.272543
50.721794 3.277726
51.616638 3.294114
54.065723 2.352512
46.276512 4.133636
49.173923 3.401545
47.892021 2.595410
50.709148 3.297072
53.915882 3.540453
52.508785 3.704246
47.396549 2.992618
47.435013 2.945072
48.944633 3.285668
46.276512 4.133636
53.894588 3.553090
47.435013 2.945072
51.618427 3.286963
48.111317 3.186650
52.307747 3.812267
47.395039 2.989059
48.942814 3.272543
52.857079 3.614085
52.305283 3.652466
50.927956 3.569975
53.971779 3.542723
48.181026 3.130565
49.400467 3.195325
46.276512 4.133636
48.830692 3.138777
50.718945 3.428306
52.298691 3.817847
52.505047 3.705974
53.961472 3.538631
52.519794 3.698256
54.011654 3.837713
50.718330 3.502420
48.952141 3.276469
49.404938 2.948169
52.853088 3.616341
48.542461 3.658417
52.486008 3.708862
53.871437 2.922286
54.099506 3.000904
53.258823 3.972870
48.288193 3.484896
53.894588 3.553090
50.784550 3.049583
50.025368 3.198244
52.821960 3.612890
49.404938 2.948169
52.327854 3.815138
51.083145 3.058671
53.101326 3.915781
48.204124 3.126344
50.738232 3.495332
51.618881 3.281013
46.276512 4.133636
52.356670 3.808334
52.505047 3.705974
52.497528 3.708374
50.025368 3.198244
48.111317 3.186650
53.871315 3.566579
50.702465 3.270528
50.927956 3.569975
21.587795 13.676739
50.946766 3.568003
53.496418 3.413360
43.749840 2.196134
50.815781 3.054872
48.313461 3.361305
54.105137 2.343231
51.823116 3.379158
51.057102 3.073728
21.587795 13.676739
53.860767 3.571816
51.589844 3.293619
50.794643 3.620605
48.131535 3.175797
48.219364 2.098103
51.599350 3.285731
50.805202 3.049802
52.327854 3.815138
49.377949 3.318074
53.712002 2.102917
50.673248 3.583011
48.623173 3.132767
45.078690 3.526810
49.434345 3.024552
48.745888 3.365697
48.604195 3.144003
50.025368 3.198244
48.862728 3.066040
50.100246 2.910215
49.454506 3.025370
48.288193 3.484896
52.241882 3.647866
54.065723 2.352512
50.041836 3.192982
48.173641 3.553374
50.794041 3.053792
50.946766 3.568003
48.170040 3.136071
53.881405 2.914983
53.893673 3.551558
53.496418 3.413360
52.733250 3.474427
54.105137 2.343231
53.889439 3.565571
50.906044 3.575741
53.496418 3.413360
53.894588 3.553090
48.683739 3.020533
50.946766 3.568003
51.103153 3.252970
45.078690 3.526810
52.330490 3.807680
51.624508 3.294359
53.755299 3.504813
52.328152 3.806493
52.857079 3.614085
53.957378 3.768228
53.908234 3.555824
47.811588 3.308291
48.313461 3.361305
50.087608 2.916251
46.276512 4.133636
50.946766 3.568003
49.471813 3.027055
48.899868 3.289536
53.881405 2.914983
46.276512 4.133636
48.730682 3.006265
48.288193 3.484896
47.655762 3.338634
49.343071 3.408962
50.754036 3.492108
49.173923 3.401545
49.556705 2.963500
53.892769 2.904714
48.111317 3.186650
50.774471 3.050107
51.047119 3.072312
47.655762 3.338634
52.324818 3.680388
45.078690 3.526810
48.830692 3.138777
53.945438 3.540783
51.047119 3.072312
47.580296 3.045030
45.121025 3.540660
53.945183 3.544111
51.575001 3.335128
50.041836 3.192982
53.101326 3.915781
49.222633 3.254559
50.719967 3.283925
50.137920 3.072047
47.395039 2.989059
52.509945 3.698589
48.204124 3.126344
53.871315 3.566579
49.556705 2.963500
53.881405 2.914983
46.874363 2.924828
47.780884 3.316756
50.815781 3.054872
54.015484 2.866424
53.893673 3.551558
48.336994 3.354147
48.730682 3.006265
51.100025 3.250107
54.065723 2.352512
50.789818 3.495138
52.404579 3.820112
52.356670 3.808334
50.523396 3.510585
53.978745 3.524738
51.001678 3.722367
48.154518 3.135949
48.604195 3.144003
52.307747 3.812267
53.060417 3.865115
47.655762 3.338634
52.307747 3.812267
50.715130 3.266522
52.820004 3.482956
48.500229 3.113651
51.589844 3.293619
48.885002 3.135195
50.919495 3.574730
48.703617 3.010106
45.078690 3.526810
48.313461 3.361305
51.083145 3.058671
48.912697 3.280487
53.064747 3.865520
51.047119 3.072312
49.434345 3.024552
46.875053 2.926711
51.599350 3.285731
52.327854 3.815138
53.101326 3.915781
51.001678 3.722367
53.973301 3.538656
52.330490 3.807680
45.131210 3.545689
51.618881 3.281013
48.629330 3.125167
50.101810 3.436563
46.877808 4.450529
53.987000 3.536662
47.580296 3.045030
48.907513 3.172805
48.862728 3.066040
48.952141 3.276469
48.942814 3.272543
51.597954 3.290077
48.139156 3.139122
48.924511 3.281413
49.222633 3.254559
53.945183 3.544111
50.719040 3.262198
52.519794 3.698256
45.078690 3.526810
50.075108 3.191245
50.041836 3.192982
48.170040 3.136071
52.523491 3.701324
50.137920 3.072047
49.343071 3.408962
45.078690 3.526810
52.320183 3.808292
53.987000 3.536662
48.789742 3.372684
51.608749 2.733126
53.895351 3.562917
54.084179 3.167455
48.181026 3.130565
49.411678 3.312864
51.057102 3.073728
49.343071 3.408962
48.683739 3.020533
48.730682 3.006265
48.959114 3.407082
53.870987 2.918906
48.604195 3.144003
46.973248 2.986245
54.068043 2.800280
51.364182 3.277787
46.973248 2.986245
50.792320 3.043375
48.942814 3.272543
49.955875 2.804032
50.738232 3.495332
49.380032 3.194063
51.823116 3.379158
53.910831 3.552682
50.718945 3.428306
52.298691 3.817847
48.251644 3.492163
51.124275 3.250612
46.877808 4.450529
48.924873 3.278778
54.068043 2.800280
53.101326 3.915781
49.222633 3.254559
49.299080 3.002628
48.789742 3.372684
52.864540 3.824823
47.892021 2.595410
50.792320 3.043375
50.590305 3.173194
52.327854 3.815138
50.921715 3.567783
51.083145 3.058671
48.170040 3.136071
51.194168 2.872824
48.830692 3.138777
51.057102 3.073728
45.078690 3.526810
53.135437 3.748186
51.966568 3.172674
45.119522 3.544784
53.860767 3.571816
53.933456 3.775582
54.084179 3.167455
52.836422 3.620586
48.942814 3.272543
53.911572 3.543667
52.421707 3.813761
48.862728 3.066040
48.173641 3.553374
52.330490 3.807680
49.350224 3.210002
50.101810 3.436563
53.064747 3.865520
49.173923 3.401545
47.373341 3.364337
48.288193 3.484896
48.181026 3.130565
53.884937 3.561984
50.702465 3.270528
51.589844 3.293619
48.818214 3.381481
48.730209 3.368170
53.496418 3.413360
53.992428 2.753851
48.789742 3.372684
50.946766 3.568003
52.421707 3.813761
49.955875 2.804032
49.448170 3.424353
54.005810 2.899390
45.679859 4.193240
48.180916 3.173189
46.875053 2.926711
21.587795 13.676739
50.107822 3.071882
45.078690 3.526810
48.146351 3.098631
53.496418 3.413360
52.761410 3.470419
52.404579 3.820112
50.719040 3.262198
46.877808 4.450529
53.892769 2.904714
47.811588 3.308291
47.373341 3.364337
50.748386 3.274268
48.942814 3.272543
51.083145 3.058671
53.060417 3.865115
47.811588 3.308291
49.404057 3.195132
53.955379 3.542438
53.496418 3.413360
50.590305 3.173194
50.717388 3.516782
53.048710 3.738759
51.047119 3.072312
52.504574 3.698137
53.894588 3.553090
45.119522 3.544784
52.277760 3.703971
50.289280 3.243230
53.060417 3.865115
51.575001 3.335128
50.125053 3.218827
48.944633 3.285668
52.309319 3.689536
53.871315 3.566579
45.094379 3.536301
50.774471 3.050107
53.713409 3.507303
53.954273 3.540592
53.943253 3.539858
49.454506 3.025370
53.101326 3.915781
53.910831 3.552682
47.279053 4.553855
50.748386 3.274268
52.722492 3.821907
51.618881 3.281013
53.910217 2.397381
51.103153 3.252970
51.057102 3.073728
53.887917 3.560486
49.556705 2.963500
49.173923 3.401545
49.249268 3.255156
48.604195 3.144003
53.978745 3.524738
53.987000 3.536662
52.307747 3.812267
52.307747 3.812267
52.241882 3.647866
50.024574 3.193770
52.579086 3.567182
50.590305 3.173194
51.001678 3.722367
48.862728 3.066040
51.599155 3.289732
53.957378 3.768228
50.719040 3.262198
52.718571 3.817637
51.603554 3.297742
53.943253 3.539858
53.217693 3.979188
49.343491 3.082463
53.945183 3.544111
52.404579 3.820112
50.906044 3.575741
52.404579 3.820112
48.683739 3.020533
45.078690 3.526810
49.411678 3.312864
48.629330 3.125167
50.748386 3.274268
48.899868 3.289536
50.289280 3.243230
47.580296 3.045030
51.047119 3.072312
51.117992 3.245775
51.057102 3.073728
50.125053 3.218827
50.289280 3.243230
53.755299 3.504813
50.815781 3.054872
53.101326 3.915781
48.730682 3.006265
52.289204 3.695918
53.060417 3.865115
48.885002 3.135195
50.946766 3.568003
52.857079 3.614085
51.054424 3.070845
50.780708 3.616059
52.753635 3.472157
52.853088 3.616341
46.989521 2.984881
51.001678 3.722367
50.919495 3.574730
51.823116 3.379158
54.012920 3.200981
53.060417 3.865115
48.170040 3.136071
48.942814 3.272543
53.496418 3.413360
50.306995 3.228420
52.821960 3.612890
45.121979 3.542129
49.412262 3.194374
51.047119 3.072312
52.289204 3.695918
49.955875 2.804032
50.472012 2.672717
50.748386 3.274268
53.954273 3.540592
51.429729 3.302625
49.467808 3.025689
50.523396 3.510585
53.970676 3.537169
50.736488 3.485630
50.084690 2.920751
49.400467 3.195325
49.434345 3.024552
53.884937 3.561984
53.957378 3.768228
49.404938 2.948169
51.057102 3.073728
52.519794 3.698256
53.060417 3.865115
53.895351 3.562917
53.899517 3.552733
53.906315 3.557457
45.121979 3.542129
48.885002 3.135195
53.952869 3.544889
53.909893 3.554979
48.154518 3.135949
54.087425 3.159340
52.753635 3.472157
51.618881 3.281013
51.610531 2.734858
53.896782 3.557106
54.099506 3.000904
51.618427 3.286963
50.776913 3.500741
48.907513 3.172805
54.087425 3.159340
51.589844 3.293619
45.078690 3.526810
48.604195 3.144003
51.083145 3.058671
47.892021 2.595410
49.986454 2.800444
50.815800 3.497214
51.954803 3.600597
45.121979 3.542129
49.173923 3.401545
50.709148 3.297072
53.048710 3.738759
52.825623 3.829846
52.298691 3.817847
45.679859 4.193240
53.952869 3.544889
53.978745 3.524738
45.131210 3.545689
52.523491 3.701324
48.859676 3.139189
48.347279 3.354621
53.952869 3.544889
53.884125 3.557111
53.892769 2.904714
48.885002 3.135195
46.973248 2.986245
50.041836 3.192982
50.738285 3.499344
48.219364 2.098103
51.575001 3.335128
52.298691 3.817847
46.874363 2.924828
51.618881 3.281013
46.877808 4.450529
53.048710 3.738759
47.808220 3.315563
54.015484 2.866424
52.330490 3.807680
50.700871 3.571480
51.994793 3.298980
53.987000 3.536662
51.589844 3.293619
50.306995 3.228420
52.834618 3.621102
48.181026 3.130565
48.288193 3.484896
49.347256 3.066569
51.592808 3.299697
50.709148 3.297072
50.137920 3.072047
50.709148 3.297072
53.895351 3.562917
50.919495 3.574730
50.700871 3.571480
53.945183 3.544111
50.289280 3.243230
53.894588 3.553090
53.961472 3.538631
51.083145 3.058671
54.087490 2.899664
52.320183 3.808292
48.818214 3.381481
48.500229 3.113651
50.709148 3.297072
53.910831 3.552682
50.755505 3.274388
48.818214 3.381481
50.709148 3.297072
53.978745 3.524738
48.862728 3.066040
53.048710 3.738759
50.717388 3.516782
50.946766 3.568003
50.702465 3.270528
54.097958 2.999950
52.287758 3.639533
50.792320 3.043375
52.505047 3.705974
48.683739 3.020533
46.270123 4.127827
53.101326 3.915781
53.217693 3.979188
53.906315 3.557457
52.761410 3.470419
48.139156 3.139122
48.952141 3.276469
50.717388 3.516782
48.604195 3.144003
51.589844 3.293619
52.328766 3.800508
53.957378 3.768228
48.683739 3.020533
53.943253 3.539858
53.048710 3.738759
48.885002 3.135195
52.722492 3.821907
48.251644 3.492163
51.001678 3.722367
48.109886 3.177557
50.793270 3.051045
51.083145 3.058671
52.761410 3.470419
49.404057 3.195132
50.289280 3.243230
50.794643 3.620605
52.825623 3.829846
50.289280 3.243230
51.592808 3.299697
46.874363 2.924828
52.857079 3.614085
53.755299 3.504813
52.241882 3.647866
52.519794 3.698256
45.187683 1.398412
51.057102 3.073728
46.276512 4.133636
50.748386 3.274268
50.715130 3.266522
48.730682 3.006265
47.811588 3.308291
49.414066 3.187875
47.435013 2.945072
46.877808 4.450529
53.896782 3.557106
52.886139 3.817050
46.276512 4.133636
49.404057 3.195132
53.973301 3.538656
48.885170 3.057703
48.604195 3.144003
53.987000 3.536662
52.404579 3.820112
54.064873 2.364693
53.101326 3.915781
53.048710 3.738759
52.507404 3.705826
50.718945 3.428306
53.887917 3.560486
54.068043 2.800280
51.592808 3.299697
53.892769 2.904714
53.871315 3.566579
52.726429 3.475032
45.078690 3.526810
50.289280 3.243230
53.217693 3.979188
53.896782 3.557106
53.961472 3.538631
48.862728 3.066040
53.897217 2.907185
48.730682 3.006265
47.808220 3.315563
51.964500 3.600742
51.083145 3.058671
48.830692 3.138777
