54.655594 2.404490
54.562901 3.298273
47.299644 3.178510
47.154659 2.985682
53.745174 2.203540
47.298813 3.307324
54.594479 3.250559
54.641762 3.224977
47.313850 3.277168
47.301086 3.173094
47.071232 3.036731
54.561668 3.257382
47.261768 3.326055
47.224117 3.285069
54.672089 3.178959
54.706715 2.377021
54.648060 3.169764
54.621052 3.271707
47.295452 3.316497
54.630978 3.254460
47.334377 3.274037
54.588577 3.257307
47.295452 3.316497
54.707817 2.433975
54.601456 3.299752
54.608753 3.210605
47.162334 2.975024
54.678402 2.438688
54.584560 3.290534
47.334377 3.274037
47.156227 3.209765
47.084206 3.054803
54.652260 3.235753
54.697327 2.345665
54.656708 2.387676
54.634747 2.450559
47.309063 3.288299
54.662678 3.252404
54.697327 2.345665
47.223209 3.359864
54.619999 3.222363
47.081341 2.989747
47.346939 3.288952
54.562901 3.298273
47.280983 3.218436
54.702297 2.376128
54.629711 3.236425
54.591850 3.235381
53.781670 2.245318
54.604656 3.276548
54.728336 2.430568
47.307529 3.162157
47.115265 3.128468
54.617805 3.238736
54.629009 3.264556
47.181103 3.296486
54.644081 2.513443
54.704678 2.342848
54.733845 2.392088
54.641453 3.186701
54.635807 3.195462
54.608753 3.210605
54.636913 2.414431
47.223209 3.359864
54.639702 2.442597
54.618568 2.464200
54.601959 3.234288
54.613380 3.251827
47.284260 3.270485
54.673790 2.474379
54.600407 3.236873
54.711212 2.409644
47.285648 3.268579
54.657001 3.244761
54.650330 3.264743
47.173428 3.208607
54.728336 2.430568
47.336311 3.314536
54.588375 3.262045
47.094955 3.061419
53.781670 2.245318
47.157162 3.231226
54.636108 3.232327
54.636669 3.239289
54.601456 3.299752
54.698517 2.398874
54.628933 2.329257
54.592468 3.269943
54.640007 3.241644
47.063148 2.978082
47.139606 3.089280
53.745174 2.203540
54.653233 3.232378
54.629803 3.222465
54.652412 3.223817
54.672974 2.378620
53.678310 2.245600
54.645554 3.240676
47.302631 3.328783
54.645699 2.395191
54.630157 2.378037
47.063148 2.978082
54.639576 2.469125
47.275936 3.300173
54.679001 3.231146
54.645447 2.354880
47.300953 3.300312
54.640099 2.430547
54.608315 3.270447
54.685116 2.416857
54.620358 3.206316
54.621052 3.271707
47.307690 3.332580
54.665482 3.200871
54.642853 2.411763
54.626877 3.248608
54.604954 3.240865
54.594860 3.275359
54.645924 3.225584
54.684780 2.353830
54.580101 3.258043
54.672089 3.178959
54.611137 3.283038
47.250755 3.253441
47.075409 3.002193
54.639526 3.193223
47.160496 2.998459
54.607716 3.263442
54.601868 3.249701
54.650330 3.264743
47.307529 3.162157
54.673790 2.474379
54.691113 2.378524
54.735291 2.387183
54.677254 3.221306
47.285648 3.268579
54.633129 3.214037
54.608753 3.210605
54.659229 2.347883
47.298813 3.307324
54.614346 3.218368
53.690933 2.258765
54.673183 2.382154
47.317333 3.214602
54.622482 3.233408
54.591835 3.290901
47.222305 3.292493
54.678528 2.377645
54.711720 2.379008
54.650330 3.264743
54.601723 3.244814
54.647472 2.438496
54.597260 3.252139
47.237038 3.320910
54.604954 3.240865
54.657001 3.244761
47.138630 3.245271
47.160496 2.998459
47.340923 3.283704
54.677254 3.221306
54.618610 3.266872
54.661728 3.215822
54.628922 3.238526
54.635868 3.238551
54.655876 2.422958
47.239014 3.182123
54.594803 3.252393
54.593372 3.284097
47.102688 3.070554
47.067863 3.250447
47.340305 3.243955
54.669125 3.253706
47.298813 3.307324
47.307690 3.332580
47.307362 3.283358
54.650330 3.264743
47.222305 3.292493
54.626968 3.208290
54.641762 3.224977
47.225071 3.222331
54.641453 3.186701
54.636288 3.289552
54.622581 3.275876
54.630596 2.411259
47.095741 3.139553
54.622581 3.275876
47.048561 3.036946
47.318226 3.160326
54.598175 3.260751
54.730820 2.408869
54.637726 3.237863
54.604897 2.442891
53.864697 2.244468
54.676079 2.347382
54.606041 3.283095
47.264038 3.323981
47.058750 3.015580
47.297424 3.201383
54.588375 3.262045
54.647495 2.410135
54.580101 3.258043
47.223209 3.359864
47.057419 3.023064
54.649986 2.301355
53.816734 2.353856
54.587162 3.224861
54.641159 2.352709
54.694843 2.390790
47.285797 3.318660
54.625519 2.394695
47.302727 3.178868
54.653809 2.416149
54.586308 3.233860
53.803669 2.308705
54.642204 2.341572
54.600693 3.208993
54.628246 3.235668
54.641781 3.221946
47.074753 3.140547
53.730942 2.206229
54.638241 3.233787
53.722645 2.239680
47.160496 2.998459
54.653233 3.232378
47.241894 3.306393
54.630016 3.251114
53.807457 2.365713
47.075348 3.005414
54.629009 3.264556
54.642349 3.175900
54.633129 3.214037
54.631748 2.414058
47.252419 3.260168
54.621513 3.236577
54.708607 2.429595
54.684780 2.353830
54.668346 2.415867
54.641762 3.224977
47.308994 3.296967
54.609154 3.250192
54.724010 2.374830
54.611137 3.283038
54.580101 3.258043
54.657001 3.244761
54.586308 3.233860
54.718895 2.391457
54.703800 2.401173
54.636925 3.239807
54.622704 2.328243
47.139606 3.089280
47.085678 3.045035
47.230568 3.220761
53.816734 2.353856
47.105453 3.281229
47.057419 3.023064
54.586308 3.233860
54.645729 3.261585
54.717403 2.442353
53.702778 2.176035
54.641796 3.183649
54.685562 2.394107
47.221703 3.290681
47.249439 3.314486
54.629715 3.236305
54.613380 3.251827
54.608093 3.249623
54.608406 3.256292
54.629715 3.236305
54.619267 2.454235
54.633129 3.214037
47.117104 3.225428
47.225071 3.222331
54.599850 2.515143
54.626968 3.208290
47.313850 3.277168
54.705650 2.413423
54.638168 3.212140
54.682518 2.426647
54.601059 3.246295
47.081821 3.048185
47.293247 3.332087
47.042294 3.027786
54.653809 2.416149
54.622398 3.233970
54.565205 3.267381
54.582798 3.243049
54.671265 2.354676
54.629715 3.236305
54.632385 3.230095
54.650837 3.206661
47.074074 3.024836
54.641453 3.186701
54.635029 2.504873
53.864697 2.244468
47.230568 3.220761
54.636669 3.239289
54.702255 2.478215
47.243622 3.320967
54.646290 2.390787
54.646217 2.392562
54.669456 2.344099
47.305050 3.162190
47.057419 3.023064
54.655891 3.233722
54.625938 2.441103
54.641796 3.183649
54.650330 3.264743
47.248974 3.284874
54.698639 2.434328
54.586308 3.233860
54.641781 3.221946
47.330276 3.288291
54.730820 2.408869
54.593403 3.259358
47.280407 3.243867
54.632927 3.215796
54.661964 2.435196
47.107353 2.970816
54.655891 3.233722
47.057419 3.023064
54.602604 3.254406
54.709877 2.346841
54.689770 2.394889
53.681763 2.253885
47.308941 3.266815
54.715908 2.461689
54.585712 3.267101
54.696144 2.431717
47.105453 3.281229
54.659550 3.218556
47.225071 3.222331
54.584591 3.260085
54.630978 3.254460
47.079891 3.284144
47.072323 3.026848
54.709877 2.346841
47.074390 3.010638
54.663727 2.304363
54.637726 3.237863
54.690197 2.347078
47.244957 3.299891
54.653271 2.354911
54.646786 2.393912
54.616894 2.375563
47.074390 3.010638
54.724010 2.374830
47.072323 3.026848
47.136734 3.220989
54.621128 3.248574
54.733845 2.392088
54.639702 2.442597
54.645508 3.179312
47.181103 3.296486
47.285648 3.268579
53.832230 2.312124
54.659550 3.218556
47.237038 3.320910
53.730942 2.206229
54.613148 2.524632
54.721470 2.478697
54.643681 3.208977
47.223209 3.359864
47.307190 3.180462
54.604897 2.442891
54.705650 2.413423
54.611980 3.263193
47.069706 3.004016
54.712063 2.342865
53.684189 2.249216
54.633190 3.238757
47.285648 3.268579
54.599884 3.229122
54.629009 3.264556
47.277889 3.222774
47.307190 3.180462
54.606041 3.283095
54.674809 3.255609
54.656532 2.349190
47.162334 2.975024
47.046635 3.000408
54.633129 3.214037
47.223209 3.359864
54.643246 3.224298
54.594479 3.250559
54.630920 3.231876
54.561668 3.257382
47.142792 3.229014
54.597595 3.236632
54.594479 3.250559
54.561668 3.257382
54.628159 2.343332
54.717403 2.442353
54.622704 2.328243
54.702255 2.478215
47.246269 3.223524
54.678402 2.438688
54.697327 2.345665
54.662678 3.252404
54.616249 2.464346
54.601959 3.234288
54.650330 3.264743
47.187046 2.940644
54.621052 3.271707
54.625938 2.441103
47.304783 3.199946
54.651760 2.360641
54.733845 2.392088
54.628159 2.343332
54.612022 3.240846
54.659550 3.218556
54.634823 3.216622
54.591835 3.290901
47.300552 3.185214
54.630978 3.254460
47.280983 3.218436
53.730942 2.206229
54.685665 2.338953
53.781670 2.245318
54.647472 2.438496
54.618568 2.464200
54.572533 3.256812
53.741348 2.215100
54.655891 3.233722
54.724010 2.374830
47.142895 2.946890
54.639427 3.252092
54.653271 2.354911
54.678555 2.406654
54.712063 2.390601
47.289005 3.334261
54.600597 3.257724
47.283279 3.263757
47.111389 3.030070
54.735291 2.387183
54.593994 3.253903
54.638241 3.233787
54.661728 3.215822
54.679615 2.478602
54.646519 2.430837
47.305050 3.162190
47.083309 3.019402
54.597942 2.351080
54.633129 3.214037
54.588375 3.262045
47.283279 3.263757
54.594460 3.261343
54.726410 2.360839
54.652206 2.366489
47.232750 3.314076
54.600403 3.262854
47.313850 3.277168
54.635807 3.195462
54.648571 3.223233
54.602566 3.244257
54.584591 3.260085
54.628273 3.179911
47.264038 3.323981
54.640099 2.430547
54.598450 3.212686
47.325600 3.311671
47.073845 3.003927
54.629940 3.261080
54.711952 2.377959
54.639576 2.469125
54.597595 3.236632
54.636669 3.239289
53.684189 2.249216
54.635807 3.195462
54.646450 3.247548
47.187046 2.940644
54.633266 3.208701
54.617115 3.215821
54.653358 3.273257
47.275936 3.300173
53.729614 2.214115
47.154148 2.981714
54.645699 2.395191
47.034134 3.185091
54.621128 3.248574
54.620018 3.247980
54.676735 2.384716
54.562901 3.298273
54.661728 3.215822
54.640888 2.396876
47.331768 3.255834
53.722645 2.239680
54.589336 3.280863
54.722813 2.461236
54.566967 3.266190
54.719604 2.400911
47.106647 3.251822
54.662949 2.365423
54.584591 3.260085
47.307407 3.339907
54.642197 3.209103
54.586308 3.233860
47.246269 3.223524
54.712063 2.390601
54.589909 3.276399
47.306423 3.334175
47.262905 3.294490
47.275597 3.306457
54.717403 2.442353
54.694237 2.446121
53.681763 2.253885
54.638626 2.361262
54.618568 2.464200
54.672089 3.178959
47.162956 2.979758
54.635807 3.195462
54.613380 3.251827
54.665596 3.177048
54.584591 3.260085
54.655594 2.404490
47.142792 3.229014
54.633045 3.200023
54.600109 3.248240
54.613918 3.218618
54.636108 3.232327
47.117104 3.225428
54.607716 3.263442
54.659550 3.218556
54.649605 2.360942
54.613079 2.428534
54.630016 3.251114
54.677254 3.221306
54.706715 2.377021
54.676743 2.371707
54.672089 3.178959
54.684746 2.482735
54.604897 2.442891
47.071537 3.045429
54.698532 2.394451
54.601650 3.250982
54.601307 3.239071
54.727268 2.388410
54.628441 3.179150
54.639507 2.471765
54.610054 3.222628
47.340305 3.243955
54.649433 3.230251
54.591789 3.240504
54.600616 3.326400
54.645924 3.225584
54.591789 3.240504
53.684189 2.249216
47.317749 3.310787
54.641529 3.286985
54.641453 3.186701
54.635868 3.238551
54.657001 3.244761
47.073845 3.003927
54.588921 3.293278
47.085678 3.045035
47.252419 3.260168
47.308941 3.266815
54.628273 3.179911
47.139606 3.089280
47.317329 3.310601
47.285648 3.268579
47.160496 2.998459
54.626968 3.208290
54.606808 3.201468
54.602352 2.393260
54.608753 3.210605
54.629803 3.222465
54.636761 2.372198
53.741348 2.215100
47.244652 3.323331
47.127655 3.202972
47.280949 3.261934
54.601456 3.299752
47.160221 3.214558
54.642197 3.209103
47.088749 2.987783
54.646217 2.392562
54.600403 3.262854
54.626968 3.208290
47.299637 3.201643
54.664589 2.506111
47.283279 3.263757
54.711952 2.377959
54.645447 2.354880
54.599228 3.235059
47.217728 3.211923
54.646519 2.430837
47.299637 3.201643
53.736889 2.161258
54.584972 3.250548
54.679939 3.271987
47.119942 3.095424
47.260818 3.300443
54.582798 3.243049
47.105453 3.281229
54.621136 2.444222
47.340923 3.283704
54.649433 3.230251
53.803669 2.308705
47.217728 3.211923
47.182713 2.927889
54.647495 2.410135
54.643681 3.208977
54.633381 3.217155
54.633129 3.214037
54.628273 3.179911
54.706238 2.384756
47.162334 2.975024
54.635868 3.238551
54.636837 3.204141
54.621052 3.271707
47.244053 3.283722
54.636459 2.388926
47.305050 3.162190
47.187046 2.940644
54.649433 3.230251
54.600407 3.236873
54.664589 2.506111
53.726780 2.181419
54.676609 2.541815
54.636669 3.239289
54.661964 2.435196
54.586941 3.214083
54.699318 2.435541
54.609154 3.250192
54.606808 3.201468
54.659222 2.421592
54.662949 2.365423
54.633282 3.229333
47.073845 3.003927
47.240017 3.302701
54.640057 2.381945
47.232979 3.317115
47.137638 2.953084
47.074390 3.010638
47.139606 3.089280
54.621593 3.238231
54.662678 3.252404
54.628159 2.343332
47.248974 3.284874
47.288815 3.268962
54.706997 2.365021
54.653160 3.234960
47.073845 3.003927
54.705650 2.413423
53.745174 2.203540
53.668976 2.255130
47.162334 2.975024
54.670975 3.255086
47.074074 3.024836
47.264038 3.323981
47.340923 3.283704
54.626087 2.383353
54.641781 3.221946
54.724010 2.374830
54.690197 2.347078
54.717403 2.442353
47.340923 3.283704
53.781670 2.245318
54.685116 2.416857
54.643127 3.221051
54.629715 3.236305
54.635807 3.195462
47.138630 3.245271
54.645462 2.389333
47.248974 3.284874
54.637726 3.237863
54.571304 3.252287
54.602566 3.244257
54.679939 3.271987
54.758137 2.330052
54.657001 3.244761
54.604897 2.442891
54.672028 2.436733
54.680775 2.394749
54.621136 2.444222
54.633282 3.229333
47.162334 2.975024
54.621796 3.284302
47.182713 2.927889
54.733845 2.392088
54.747688 2.514201
47.275936 3.300173
54.646519 2.430837
54.600403 3.262854
47.232750 3.314076
54.608753 3.210605
47.312569 3.271399
47.139942 3.145252
54.640099 2.430547
54.641159 2.352709
47.340923 3.283704
54.726410 2.360839
54.621052 3.271707
54.717403 2.442353
54.618011 2.426744
54.589336 3.280863
54.600403 3.262854
54.640762 2.438121
54.602524 3.271332
54.629009 3.264556
54.584972 3.250548
54.622704 2.328243
47.173058 2.973764
54.616028 3.235898
54.631191 2.380535
47.307407 3.339907
47.217728 3.211923
54.585712 3.267101
54.588974 3.265571
54.637871 2.377919
47.302631 3.328783
54.621136 2.444222
54.644646 2.420243
54.672089 3.178959
47.283279 3.263757
47.247791 3.315422
54.728409 2.382055
47.304783 3.199946
54.673790 2.474379
47.249905 3.240278
54.604897 2.442891
54.648369 2.400868
47.218018 3.290203
47.346939 3.288952
54.660976 2.374305
47.246269 3.223524
47.306423 3.334175
54.623634 2.454328
47.080208 3.041070
47.244053 3.283722
54.716816 2.379395
47.285797 3.318660
54.635868 3.238551
47.307190 3.180462
54.597595 3.236632
47.117104 3.225428
54.647472 2.438496
53.730942 2.206229
54.599522 3.249172
47.173428 3.208607
54.621128 3.248574
54.618568 2.464200
54.637726 3.237863
54.739166 2.436195
54.600109 3.248240
54.608753 3.210605
54.662949 2.365423
54.600597 3.257724
53.697773 2.260072
54.647495 2.410135
54.630016 3.251114
53.674255 2.247367
54.712063 2.390601
54.648178 2.448195
47.060936 2.987438
54.675884 2.395684
54.630444 2.467246
54.641964 3.215091
54.702255 2.478215
54.596733 3.323185
54.629803 3.222465
54.621593 3.238231
47.246269 3.223524
47.306835 3.286089
47.301220 3.312634
47.309425 3.178625
54.625938 2.441103
47.244053 3.283722
54.737839 2.393279
54.639507 2.471765
54.641159 2.352709
47.275597 3.306457
54.611404 3.246977
54.640579 3.261988
54.609554 3.268203
54.653271 2.354911
47.175156 2.954480
47.248951 3.334865
54.622398 3.233970
54.640099 2.430547
47.139942 3.145252
54.641781 3.221946
54.628922 3.238526
47.162334 2.975024
47.285797 3.318660
54.599228 3.235059
47.180405 2.948170
54.620995 2.451841
54.706997 2.365021
54.641159 2.352709
54.609154 3.250192
54.633129 3.214037
54.648037 2.407837
54.647472 2.438496
47.313850 3.277168
47.302631 3.328783
54.580101 3.258043
54.672386 3.267657
54.730820 2.408869
54.640533 3.247624
47.180836 2.974890
54.650330 3.264743
54.622398 3.233970
54.639427 3.252092
47.133011 3.003100
54.660618 2.423961
54.633789 2.400642
53.803669 2.308705
54.628933 2.329257
47.180836 2.974890
54.699352 2.336323
54.622398 3.233970
54.584591 3.260085
47.299637 3.201643
54.638241 3.233787
47.059158 3.031995
54.639702 2.442597
54.653526 2.458185
54.647495 2.410135
54.645107 3.262184
54.662678 3.252404
54.662392 2.365184
54.596733 3.323185
54.629715 3.236305
54.599884 3.229122
47.307362 3.283358
54.600109 3.248240
54.599228 3.235059
54.696903 2.370046
54.609894 3.260631
54.734165 2.466929
54.606808 3.201468
47.236626 3.302554
54.613918 3.218618
54.750240 2.424633
54.604954 3.240865
54.647495 2.410135
47.238457 3.310147
53.803669 2.308705
54.707817 2.433975
47.313850 3.277168
54.713943 2.385599
47.183437 2.990233
54.709320 2.422249
54.586941 3.214083
54.633381 3.217155
47.289005 3.334261
54.641762 3.224977
53.816734 2.353856
53.736660 2.229106
54.633266 3.208701
54.591835 3.290901
54.645729 3.261585
54.672089 3.178959
54.702732 2.319196
54.637726 3.237863
47.340305 3.243955
54.639839 3.207933
54.717403 2.442353
54.601711 3.290731
54.707958 2.398966
47.216480 3.224912
54.613380 3.251827
47.296616 3.292806
54.644081 2.513443
54.678555 2.406654
47.160496 2.998459
54.641384 2.483083
54.603596 3.267464
47.304783 3.199946
54.673958 3.240248
54.603596 3.267464
47.275597 3.306457
47.217728 3.211923
54.623947 3.263598
54.646519 2.430837
54.678402 2.438688
54.643681 3.208977
54.621593 3.238231
54.621513 3.236577
54.637726 3.237863
54.597260 3.252139
54.619267 2.454235
54.588921 3.293278
47.283279 3.263757
54.724010 2.374830
54.617805 3.238736
47.182713 2.927889
54.731571 2.389614
54.642185 3.220491
47.276787 3.138762
47.127655 3.202972
54.705650 2.413423
54.669144 3.237388
47.111389 3.030070
54.571304 3.252287
47.283459 3.306698
47.180405 2.948170
54.647766 3.268385
47.089729 3.142614
47.232750 3.314076
47.325600 3.311671
47.308941 3.266815
54.705063 2.390579
47.160496 2.998459
54.685562 2.394107
47.075409 3.002193
54.622581 3.275876
53.736660 2.229106
54.597260 3.252139
54.641174 2.480367
54.567722 3.296872
54.634529 3.220899
54.597736 3.242478
54.584591 3.260085
47.218018 3.290203
54.639576 2.469125
54.709877 2.346841
54.596889 3.290182
54.641159 2.352709
54.641453 3.186701
54.621128 3.248574
47.289005 3.334261
54.643127 3.221051
54.641781 3.221946
47.257927 3.313309
47.175156 2.954480
47.139606 3.089280
54.645107 3.262184
54.588921 3.293278
54.613380 3.251827
47.232750 3.314076
54.632809 3.221209
54.632298 2.401016
54.680332 2.357891
54.646450 3.247548
47.248974 3.284874
54.627689 2.495719
47.230068 3.355079
54.588974 3.265571
54.636837 3.204141
47.160496 2.998459
54.662392 2.365184
54.634964 3.210903
47.072323 3.026848
54.607563 3.261631
47.283279 3.263757
47.285648 3.268579
47.157162 3.231226
54.582798 3.243049
47.180836 2.974890
54.695873 2.389517
47.175156 2.954480
54.662678 3.252404
47.223209 3.359864
54.629715 3.236305
47.246269 3.223524
54.632385 3.230095
47.277348 3.317455
47.246269 3.223524
54.622581 3.275876
47.127655 3.202972
54.689724 2.465582
54.678528 2.377645
47.175156 2.954480
54.657001 3.244761
54.633381 3.217155
47.139942 3.145252
54.649433 3.230251
54.646519 2.430837
54.712063 2.390601
47.132149 2.997098
54.600597 3.257724
47.069439 2.998669
54.678555 2.406654
53.818501 2.259959
47.295601 3.252934
47.057419 3.023064
54.705223 2.372844
47.308121 3.203733
47.313107 3.159800
54.726410 2.360839
54.698719 2.393935
47.162956 2.979758
54.717403 2.442353
54.639690 2.366362
47.331768 3.255834
54.588375 3.262045
47.340305 3.243955
47.264038 3.323981
54.702732 2.319196
47.073845 3.003927
47.275597 3.306457
47.295452 3.316497
54.636761 2.372198
47.160496 2.998459
54.717403 2.442353
54.642185 3.220491
54.571304 3.252287
54.657001 3.244761
47.297329 3.218764
47.237038 3.320910
54.594803 3.252393
47.162956 2.979758
54.635807 3.195462
54.644081 2.513443
47.155621 3.181178
47.272705 3.263094
54.599228 3.235059
54.584591 3.260085
54.634617 3.261445
47.217377 3.319666
47.083309 3.019402
54.708126 2.449742
54.673183 2.382154
47.331768 3.255834
54.642185 3.220491
54.636669 3.239289
47.230068 3.355079
53.722645 2.239680
47.236626 3.302554
47.057419 3.023064
54.613380 3.251827
54.706997 2.365021
54.641453 3.186701
47.162334 2.975024
54.648907 2.465553
54.691158 2.373626
47.230568 3.220761
54.582798 3.243049
54.647011 3.284505
47.173058 2.973764
54.678528 2.377645
54.591835 3.290901
47.308941 3.266815
54.665596 3.177048
54.636108 3.232327
54.726460 2.413736
47.237038 3.320910
47.160496 2.998459
54.652126 2.408323
47.223209 3.359864
54.750240 2.424633
54.634529 3.220899
47.340923 3.283704
53.818501 2.259959
54.635807 3.195462
54.690197 2.347078
54.730820 2.408869
54.604897 2.442891
54.607563 3.261631
54.722603 2.415998
54.604897 2.442891
47.074463 2.979483
54.661728 3.215822
54.588974 3.265571
54.685665 2.338953
54.633789 2.400642
54.647163 3.227331
54.672089 3.178959
47.096714 2.994695
54.750668 2.442413
47.310078 3.186648
47.173058 2.973764
54.626137 2.386109
54.627251 3.222367
54.613918 3.218618
47.275936 3.300173
47.234280 3.381011
54.705650 2.413423
47.139606 3.089280
54.592850 2.392434
54.633129 3.214037
47.249439 3.314486
54.704678 2.342848
54.633789 2.400642
53.741348 2.215100
47.232979 3.317115
54.696144 2.431717
47.307934 3.327049
47.264038 3.323981
54.653233 3.232378
54.618568 2.464200
47.246269 3.223524
54.593307 3.295012
54.639999 3.266577
47.073845 3.003927
47.107353 2.970816
54.644081 2.513443
54.635868 3.238551
47.160496 2.998459
54.726460 2.413736
54.600616 3.326400
54.628273 3.179911
54.672737 3.282358
54.699318 2.435541
54.750668 2.442413
54.638241 3.233787
47.305050 3.162190
54.643681 3.208977
54.631191 2.380535
47.085678 3.045035
54.660618 2.423961
53.697773 2.260072
54.561668 3.257382
54.717403 2.442353
47.298813 3.307324
47.111389 3.030070
54.726460 2.413736
54.597595 3.236632
53.736660 2.229106
54.596630 3.249302
47.142895 2.946890
54.705063 2.390579
54.609154 3.250192
54.661385 2.376769
54.679939 3.271987
53.818501 2.259959
54.639427 3.252092
54.622398 3.233970
54.697433 2.437324
54.598175 3.260751
47.275936 3.300173
54.673958 3.240248
54.626968 3.208290
54.711720 2.379008
54.758137 2.330052
54.641762 3.224977
53.722645 2.239680
54.669125 3.253706
54.647163 3.227331
54.750668 2.442413
54.635357 2.383297
54.714115 2.405995
54.618568 2.464200
54.638416 3.242263
47.295452 3.316497
54.734119 2.406819
54.601307 3.239071
54.613380 3.251827
54.640579 3.261988
54.674809 3.255609
54.621128 3.248574
54.626968 3.208290
54.732872 2.479912
54.599228 3.235059
47.246269 3.223524
47.234280 3.381011
54.650249 3.261604
54.635357 2.383297
54.702255 2.478215
47.160496 2.998459
54.621136 2.444222
54.601307 3.239071
47.230568 3.220761
54.604897 2.442891
54.674389 2.420628
54.669144 3.237388
54.641529 3.286985
47.307690 3.332580
54.613918 3.218618
54.672386 3.267657
54.601723 3.244814
47.057419 3.023064
54.620358 3.206316
54.600403 3.262854
47.180405 2.948170
47.246269 3.223524
54.720833 2.374003
47.267010 3.303222
54.644974 3.199715
54.619267 2.454235
54.672089 3.178959
54.726460 2.413736
54.653233 3.232378
47.331768 3.255834
47.222305 3.292493
54.732872 2.479912
47.117104 3.225428
54.629593 2.468655
54.633789 2.400642
47.244053 3.283722
47.285648 3.268579
54.646263 2.478405
54.588974 3.265571
54.690197 2.347078
54.661728 3.215822
54.647766 3.268385
54.597260 3.252139
54.629803 3.222465
54.640579 3.261988
47.225071 3.222331
47.232143 3.288449
54.642853 2.411763
47.106647 3.251822
47.295452 3.316497
54.621136 2.444222
47.283279 3.263757
54.645447 2.354880
47.313850 3.277168
47.223209 3.359864
47.252419 3.260168
47.249439 3.314486
47.238457 3.310147
54.601456 3.299752
47.074390 3.010638
54.690197 2.347078
54.633282 3.229333
54.636669 3.239289
53.736889 2.161258
54.604954 3.240865
54.603596 3.267464
47.174400 3.291432
54.597260 3.252139
54.624096 3.266773
54.626968 3.208290
54.662949 2.365423
54.676609 2.541815
47.346245 3.289258
54.638283 3.194840
54.613632 2.426347
54.708126 2.449742
54.607281 3.213255
54.641159 2.352709
54.588974 3.265571
54.632923 2.442122
47.252419 3.260168
54.717808 2.404486
53.730942 2.206229
47.132149 2.997098
54.601711 3.290731
54.601456 3.299752
47.238457 3.310147
54.641762 3.224977
54.635357 2.383297
54.629803 3.222465
54.637726 3.237863
47.223209 3.359864
54.588974 3.265571
54.641159 2.352709
54.678402 2.438688
54.621128 3.248574
54.600597 3.257724
47.180836 2.974890
47.073845 3.003927
54.715908 2.461689
47.169964 3.232427
47.107353 2.970816
47.222305 3.292493
54.644081 2.513443
54.653233 3.232378
54.621128 3.248574
54.670975 3.255086
54.612881 3.217194
54.622581 3.275876
54.683758 2.430245
54.655891 3.233722
47.149246 3.232953
47.068756 3.286152
47.162334 2.975024
47.244957 3.299891
54.639427 3.252092
54.597942 2.351080
47.306423 3.334175
47.070793 2.976341
54.693256 2.388068
54.633759 2.387543
47.273567 3.320209
54.649433 3.230251
54.584591 3.260085
47.237038 3.320910
54.641762 3.224977
54.600109 3.248240
47.160496 2.998459
54.717403 2.442353
47.248974 3.284874
47.300552 3.185214
54.634060 2.419991
47.175156 2.954480
54.606808 3.201468
47.244053 3.283722
54.641762 3.224977
54.584591 3.260085
47.252419 3.260168
54.630596 2.411259
54.640888 2.396876
54.672089 3.178959
54.631191 2.380535
54.713943 2.385599
54.613918 3.218618
54.669125 3.253706
54.721470 2.478697
47.057419 3.023064
47.279045 3.286166
47.280407 3.243867
47.312569 3.271399
47.223209 3.359864
54.662678 3.252404
54.697433 2.437324
54.733845 2.392088
54.698719 2.393935
54.594460 3.261343
54.604897 2.442891
47.073845 3.003927
54.610054 3.222628
54.698719 2.393935
54.662678 3.252404
47.175156 2.954480
47.249439 3.314486
54.669125 3.253706
47.217728 3.211923
54.636108 3.232327
47.249439 3.314486
47.174400 3.291432
54.694099 2.448224
54.561668 3.257382
54.618011 2.426744
54.635681 2.339758
54.726460 2.413736
54.728409 2.382055
54.697327 2.345665
47.275936 3.300173
54.660618 2.423961
54.709877 2.346841
54.652412 3.223817
54.621513 3.236577
54.597260 3.252139
47.160496 2.998459
54.621593 3.238231
47.310078 3.186648
54.639427 3.252092
53.818501 2.259959
54.683140 2.467586
54.563236 3.300033
54.600407 3.236873
47.262905 3.294490
54.607716 3.263442
54.711212 2.409644
54.626087 2.383353
47.183437 2.990233
54.678528 2.377645
54.640579 3.261988
47.162334 2.975024
54.608093 3.249623
47.074463 2.979483
54.717403 2.442353
47.225071 3.222331
47.312569 3.271399
54.624096 3.266773
54.620358 3.206316
54.591835 3.290901
54.649433 3.230251
54.638481 3.262031
54.726410 2.360839
54.609154 3.250192
54.653809 2.416149
47.230068 3.355079
54.689770 2.394889
54.669456 2.344099
54.635807 3.195462
54.626179 3.181782
54.630444 2.467246
54.629803 3.222465
54.649433 3.230251
47.283279 3.263757
47.034134 3.185091
54.724010 2.374830
54.635029 2.504873
54.641529 3.286985
47.160496 2.998459
54.705650 2.413423
54.614864 2.387597
54.608391 2.404576
54.694099 2.448224
47.229214 3.254159
54.571304 3.252287
54.645447 2.354880
54.597260 3.252139
54.619999 3.222363
54.639427 3.252092
54.623634 2.454328
47.264038 3.323981
54.604897 2.442891
54.635807 3.195462
54.571304 3.252287
47.314117 3.203317
47.180836 2.974890
47.298409 3.207745
54.653809 2.416149
54.609154 3.250192
54.697327 2.345665
47.106647 3.251822
54.644024 2.364558
54.597942 2.351080
54.726410 2.360839
54.597595 3.236632
54.645107 3.262184
54.591850 3.235381
47.235355 3.323750
54.638481 3.262031
54.641529 3.286985
54.609154 3.250192
54.626968 3.208290
47.264038 3.323981
47.080208 3.041070
54.621593 3.238231
54.636288 3.289552
47.275936 3.300173
54.571304 3.252287
54.599522 3.249172
47.107353 2.970816
54.582798 3.243049
54.618610 3.266872
54.626179 3.181782
54.656708 2.387676
47.073845 3.003927
47.139606 3.089280
47.295452 3.316497
54.617115 3.215821
47.234280 3.381011
54.635357 2.383297
54.610542 2.395319
54.703800 2.401173
47.236626 3.302554
47.317333 3.214602
54.672089 3.178959
47.248974 3.284874
47.232979 3.317115
54.635807 3.195462
54.669125 3.253706
54.634731 3.218432
53.803669 2.308705
54.641453 3.186701
47.174400 3.291432
54.705650 2.413423
54.654243 2.370696
54.636761 2.372198
47.289005 3.334261
54.631191 2.380535
47.073845 3.003927
54.646263 2.478405
54.649986 2.301355
47.307690 3.332580
47.283279 3.263757
54.641453 3.186701
54.627251 3.222367
47.309425 3.178625
54.621128 3.248574
47.107353 2.970816
47.142895 2.946890
47.222305 3.292493
47.235355 3.323750
54.650330 3.264743
54.666485 2.482879
54.597942 2.351080
54.669125 3.253706
47.232979 3.317115
47.305050 3.162190
47.107353 2.970816
47.173058 2.973764
47.075409 3.002193
54.640888 2.396876
54.735405 2.475808
54.639427 3.252092
54.646290 2.390787
47.180836 2.974890
54.676735 2.384716
54.635807 3.195462
54.606041 3.283095
47.281033 3.216725
54.684315 2.395158
54.637726 3.237863
54.678555 2.406654
47.309425 3.178625
54.621513 3.236577
54.582798 3.243049
47.275902 3.223165
54.689770 2.394889
54.640579 3.261988
54.673790 2.474379
47.307690 3.332580
54.637726 3.237863
47.182713 2.927889
54.653809 2.416149
54.630596 2.411259
54.641529 3.286985
54.586941 3.214083
54.629803 3.222465
47.288815 3.268962
54.588921 3.293278
54.599850 2.515143
47.309425 3.178625
54.645447 2.354880
54.638416 3.242263
54.634060 2.419991
54.672737 3.282358
54.635868 3.238551
54.599522 3.249172
54.604897 2.442891
53.668976 2.255130
54.597260 3.252139
54.588974 3.265571
54.584972 3.250548
54.599884 3.229122
54.733845 2.392088
47.307690 3.332580
54.582798 3.243049
54.631191 2.380535
54.696144 2.431717
54.618610 3.266872
47.224117 3.285069
54.661728 3.215822
54.639427 3.252092
54.635029 2.504873
54.708126 2.449742
54.636669 3.239289
54.640888 2.396876
47.308941 3.266815
47.232979 3.317115
54.677254 3.221306
47.250755 3.253441
54.633129 3.214037
54.636108 3.232327
54.641762 3.224977
54.726410 2.360839
47.283279 3.263757
47.117104 3.225428
54.644646 2.420243
54.630978 3.254460
54.599228 3.235059
47.285648 3.268579
54.647766 3.268385
54.626087 2.383353
54.674389 2.420628
47.244053 3.283722
54.717403 2.442353
54.666485 2.482879
54.626137 2.386109
54.648018 3.232425
47.307362 3.283358
54.561668 3.257382
54.711952 2.377959
54.650417 2.413120
47.232750 3.314076
54.625938 2.441103
54.638241 3.233787
54.672737 3.282358
47.085678 3.045035
54.599228 3.235059
54.601868 3.249701
47.307190 3.180462
53.745174 2.203540
47.139606 3.089280
54.588974 3.265571
54.649803 2.380261
54.593307 3.295012
47.217377 3.319666
54.639526 3.193223
54.635868 3.238551
54.726410 2.360839
54.593403 3.259358
54.646263 2.478405
47.117104 3.225428
47.340923 3.283704
47.250755 3.253441
53.730942 2.206229
54.630978 3.254460
54.649433 3.230251
47.275597 3.306457
54.610054 3.222628
54.561668 3.257382
54.630596 2.411259
47.244053 3.283722
54.638626 2.361262
54.621593 3.238231
54.584591 3.260085
54.621593 3.238231
54.567722 3.296872
47.313850 3.277168
47.162334 2.975024
47.308941 3.266815
54.588974 3.265571
53.722645 2.239680
54.653358 3.273257
47.295452 3.316497
47.285648 3.268579
47.307362 3.283358
54.726410 2.360839
54.591835 3.290901
54.636288 3.289552
47.280407 3.243867
47.081326 3.029848
54.600616 3.326400
47.252419 3.260168
54.594803 3.252393
47.073845 3.003927
54.594803 3.252393
54.634731 3.218432
47.232979 3.317115
47.072323 3.026848
54.613571 3.231405
54.630444 2.467246
54.584591 3.260085
47.111389 3.030070
54.641258 3.221397
47.180405 2.948170
54.706997 2.365021
54.621052 3.271707
54.642853 2.411763
54.632809 3.221209
54.633789 2.400642
54.585712 3.267101
47.298409 3.207745
54.691158 2.373626
47.059158 3.031995
54.641159 2.352709
54.599850 2.515143
54.611980 3.263193
54.604897 2.442891
47.081821 3.048185
54.645390 3.179577
54.715908 2.461689
54.584591 3.260085
54.621128 3.248574
54.600597 3.257724
47.224117 3.285069
54.644646 2.420243
54.592850 2.392434
53.690933 2.258765
54.591789 3.240504
47.073845 3.003927
47.157162 3.231226
54.726460 2.413736
47.114532 3.033174
53.818501 2.259959
54.669125 3.253706
47.107353 2.970816
54.584591 3.260085
47.217728 3.211923
47.232979 3.317115
54.706997 2.365021
47.127655 3.202972
54.715248 2.352058
54.673790 2.474379
47.224117 3.285069
47.301086 3.173094
54.636669 3.239289
54.636551 3.186209
54.653809 2.416149
47.160221 3.214558
47.247791 3.315422
54.717403 2.442353
47.160496 2.998459
47.252419 3.260168
53.674255 2.247367
47.074074 3.024836
54.645714 2.388274
54.587162 3.224861
54.567722 3.296872
47.223209 3.359864
54.588921 3.293278
47.072323 3.026848
54.621513 3.236577
54.582798 3.243049
54.602604 3.254406
54.599850 2.515143
54.625938 2.441103
47.248974 3.284874
47.107353 2.970816
54.698532 2.394451
47.139606 3.089280
54.649433 3.230251
53.818501 2.259959
47.034134 3.185091
54.653809 2.416149
47.117104 3.225428
54.722813 2.461236
47.304783 3.199946
54.632809 3.221209
54.604954 3.240865
47.073845 3.003927
47.078094 3.134821
54.628159 2.343332
54.618568 2.464200
47.340923 3.283704
47.174400 3.291432
54.596889 3.290182
54.645447 2.354880
47.238457 3.310147
47.218315 3.370597
47.312569 3.271399
54.585712 3.267101
54.628246 3.235668
54.691658 2.381796
54.719604 2.400911
54.639576 2.469125
54.610054 3.222628
54.588375 3.262045
47.307190 3.180462
54.617805 3.238736
47.264038 3.323981
54.712063 2.390601
54.673183 2.382154
54.673790 2.474379
47.285648 3.268579
54.621052 3.271707
54.641453 3.186701
54.637726 3.237863
54.672089 3.178959
54.607563 3.261631
54.562901 3.298273
47.095741 3.139553
54.650330 3.264743
54.735291 2.387183
47.306423 3.334175
54.629715 3.236305
54.593307 3.295012
53.803669 2.308705
47.096714 2.994695
54.601059 3.246295
54.636108 3.232327
54.594803 3.252393
54.644081 2.513443
54.640888 2.396876
54.635807 3.195462
54.621136 2.444222
54.588974 3.265571
54.597260 3.252139
54.601307 3.239071
54.597595 3.236632
54.635357 2.383297
54.604954 3.240865
54.645390 3.179577
54.636761 2.372198
54.646263 2.478405
54.683758 2.430245
54.648907 2.465553
54.599522 3.249172
54.604897 2.442891
54.726460 2.413736
54.606808 3.201468
54.678528 2.377645
54.650330 3.264743
54.645924 3.225584
54.689724 2.465582
47.264038 3.323981
54.661728 3.215822
47.340305 3.243955
47.232979 3.317115
54.634731 3.218432
54.635357 2.383297
54.709877 2.346841
54.649433 3.230251
54.711212 2.409644
47.308941 3.266815
54.597260 3.252139
47.238457 3.310147
54.708126 2.449742
54.697327 2.345665
47.307190 3.180462
54.597595 3.236632
54.621513 3.236577
47.285648 3.268579
54.588974 3.265571
47.313850 3.277168
47.308941 3.266815
47.114532 3.033174
54.694099 2.448224
54.634960 3.212698
47.070793 2.976341
54.625938 2.441103
54.567722 3.296872
54.699318 2.435541
54.674301 3.236327
54.662678 3.252404
54.641159 2.352709
47.304783 3.199946
54.713943 2.385599
54.587162 3.224861
47.060936 2.987438
54.641159 2.352709
47.257927 3.313309
54.561668 3.257382
54.709877 2.346841
54.618568 2.464200
54.594860 3.275359
54.626137 2.386109
47.340305 3.243955
54.669125 3.253706
54.626968 3.208290
47.244053 3.283722
54.672974 2.378620
54.730820 2.408869
54.641762 3.224977
54.611404 3.246977
47.232979 3.317115
47.246269 3.223524
47.307190 3.180462
54.653358 3.273257
54.636669 3.239289
47.346939 3.288952
54.621128 3.248574
47.074074 3.024836
54.643753 3.227167
54.697433 2.437324
47.224117 3.285069
54.636669 3.239289
54.639427 3.252092
54.673790 2.474379
47.075409 3.002193
54.597595 3.236632
53.803669 2.308705
47.305050 3.162190
47.162334 2.975024
47.285648 3.268579
54.604954 3.240865
54.621128 3.248574
54.645447 2.354880
47.075409 3.002193
47.232979 3.317115
54.653526 2.458185
54.645447 2.354880
54.601868 3.249701
54.580101 3.258043
54.635868 3.238551
54.637726 3.237863
54.661728 3.215822
54.600597 3.257724
54.635868 3.238551
54.670975 3.255086
54.706997 2.365021
47.305050 3.162190
54.601868 3.249701
47.221703 3.290681
47.340923 3.283704
54.634964 3.210903
54.661728 3.215822
54.674301 3.236327
47.289005 3.334261
54.600403 3.262854
54.654243 2.370696
47.312569 3.271399
54.694099 2.448224
53.736660 2.229106
54.634617 3.261445
47.107353 2.970816
53.678310 2.245600
53.818501 2.259959
47.107353 2.970816
54.635807 3.195462
54.673183 2.382154
47.295452 3.316497
54.650330 3.264743
47.222305 3.292493
54.609154 3.250192
54.601307 3.239071
54.645390 3.179577
54.637726 3.237863
54.685665 2.338953
47.173058 2.973764
54.633266 3.208701
54.594479 3.250559
54.636669 3.239289
47.248974 3.284874
54.626087 2.383353
54.639702 2.442597
47.232979 3.317115
54.726460 2.413736
54.659550 3.218556
47.160221 3.214558
47.073845 3.003927
54.626137 2.386109
54.634731 3.218432
54.677254 3.221306
47.119942 3.095424
54.563236 3.300033
54.653358 3.273257
54.590000 3.237267
47.340923 3.283704
53.689941 2.223955
54.669125 3.253706
47.237038 3.320910
54.724010 2.374830
47.307190 3.180462
54.635868 3.238551
54.653809 2.416149
54.634529 3.220899
54.607716 3.263442
54.601868 3.249701
54.613380 3.251827
53.730942 2.206229
47.307362 3.283358
54.597736 3.242478
54.633129 3.214037
47.225071 3.222331
54.630444 2.467246
54.604954 3.240865
47.073845 3.003927
54.586308 3.233860
54.657001 3.244761
47.289005 3.334261
54.614346 3.218368
47.111389 3.030070
54.632385 3.230095
54.608093 3.249623
47.295452 3.316497
47.299637 3.201643
54.582798 3.243049
47.057419 3.023064
54.726410 2.360839
54.608753 3.210605
47.105453 3.281229
54.562901 3.298273
54.561668 3.257382
47.275936 3.300173
47.308941 3.266815
54.630157 2.378037
54.588375 3.262045
54.661385 2.376769
54.599228 3.235059
54.644646 2.420243
54.721470 2.478697
54.639427 3.252092
54.629715 3.236305
54.580101 3.258043
54.633129 3.214037
47.073845 3.003927
47.180836 2.974890
47.308121 3.203733
54.611137 3.283038
54.632385 3.230095
54.635807 3.195462
54.656708 2.387676
54.653233 3.232378
47.073845 3.003927
47.296616 3.292806
47.249439 3.314486
47.279045 3.286166
54.653233 3.232378
47.142895 2.946890
47.284260 3.270485
54.597260 3.252139
54.621593 3.238231
47.300953 3.300312
54.639427 3.252092
54.704678 2.342848
54.647011 3.284505
54.613380 3.251827
54.621593 3.238231
47.298813 3.307324
54.617805 3.238736
47.174400 3.291432
47.306423 3.334175
54.660618 2.423961
54.618610 3.266872
54.584972 3.250548
47.174400 3.291432
47.313850 3.277168
54.640888 2.396876
54.597260 3.252139
47.223209 3.359864
54.632809 3.221209
47.187046 2.940644
54.588921 3.293278
47.175156 2.954480
47.111389 3.030070
54.672089 3.178959
54.645447 2.354880
54.694099 2.448224
47.133011 3.003100
47.059158 3.031995
54.646263 2.478405
47.283279 3.263757
47.081326 3.029848
54.672089 3.178959
54.672386 3.267657
47.059158 3.031995
54.587162 3.224861
54.662678 3.252404
54.586308 3.233860
54.639427 3.252092
47.223209 3.359864
54.597595 3.236632
54.608753 3.210605
54.601868 3.249701
47.232750 3.314076
47.306423 3.334175
54.653233 3.232378
54.635807 3.195462
54.631191 2.380535
54.592850 2.392434
53.745174 2.203540
47.275936 3.300173
54.617805 3.238736
54.597260 3.252139
54.629803 3.222465
54.601868 3.249701
54.676609 2.541815
47.217728 3.211923
47.307690 3.332580
