28.105719 3.238483
28.064344 3.599656
28.351414 3.343998
28.190962 3.686676
28.201969 3.263836
27.918676 3.539027
28.142738 3.479727
28.412233 3.658605
28.086298 3.491736
27.963577 3.315490
27.958788 3.228285
28.341091 3.641114
28.254519 3.117846
23.742809 3.821554
28.684153 3.700343
28.340656 3.332635
28.357161 3.682178
28.325321 3.140920
28.512051 3.508636
28.148762 2.999844
27.949614 3.267836
27.903210 3.770905
28.047590 3.073265
28.562164 3.225523
28.075743 3.039716
28.016106 3.616746
28.543753 3.703737
28.317385 2.906364
28.216446 3.299806
28.203485 3.503576
28.540064 3.293900
28.105394 3.390295
28.197777 2.832276
27.991543 3.388467
28.349987 3.671854
28.109505 3.685038
28.424908 3.515580
28.631563 2.761192
28.094913 3.522427
28.396442 3.362683
28.117128 3.316186
28.217146 3.339469
28.390642 3.382185
27.971933 3.640140
28.212727 3.357505
28.140261 3.335351
28.373920 2.894024
28.124382 3.478785
28.156126 2.835748
28.072092 3.437990
28.328074 3.477499
28.454294 3.602263
28.588654 3.725107
28.092974 3.344507
28.148762 2.999844
28.004137 3.385158
28.168447 3.057336
28.317211 3.184715
27.879330 3.067203
27.968422 3.322213
27.911863 3.178140
28.433516 3.570852
28.113630 2.983146
28.140261 3.335351
28.231777 3.369302
28.433743 3.161103
28.140928 3.643453
28.423046 3.741669
28.348703 3.403106
28.380043 3.384107
28.167625 2.820413
28.070637 3.638746
28.068825 3.569003
28.191286 3.659621
28.217657 3.117841
28.269308 3.363964
28.282784 3.507426
27.930897 3.440901
28.451582 2.925548
28.663029 3.556741
28.373114 3.501055
28.131729 2.983178
28.452940 3.652943
28.208521 3.414399
28.354448 2.932294
28.756310 3.581554
28.543201 3.827173
28.258385 3.809050
28.414246 3.080448
28.282301 3.368526
28.560371 3.030804
28.288059 3.435487
28.154654 3.462479
23.626415 3.915462
28.069490 3.265456
28.238707 3.175020
28.068909 2.793868
28.655714 3.577003
28.196302 3.051552
23.388968 3.860971
28.197777 2.832276
28.287045 3.007088
28.017294 3.271193
28.390642 3.382185
28.477360 3.660452
28.216106 3.164136
28.160549 3.335370
28.353365 3.509283
28.140261 3.335351
27.918676 3.539027
28.663029 3.556741
28.357161 3.682178
28.390642 3.382185
28.069929 3.516562
28.086298 3.491736
28.282301 3.368526
27.968422 3.322213
28.059799 3.479143
28.054312 3.339897
28.610609 3.374996
28.071709 3.209830
28.211063 3.313763
28.338383 3.401511
28.174129 3.261245
23.591619 3.641118
28.348160 3.566245
28.412777 3.698768
28.217657 3.117841
27.994839 2.950787
28.657427 3.168396
28.462473 3.512966
28.401928 3.252054
27.837362 3.721518
28.120279 3.194417
28.112652 3.480323
28.157452 3.319445
28.500502 3.360582
27.904341 3.268459
28.374718 3.751066
28.112532 3.304924
27.740158 3.432284
28.369392 3.701680
28.097050 3.472481
28.218563 2.949007
28.192976 3.430418
28.212727 3.357505
27.955154 3.276028
28.139303 3.231795
28.283821 3.134945
28.390642 3.382185
28.099062 3.239368
28.340656 3.332635
28.371971 3.435124
28.345100 3.555003
28.209093 3.491475
28.231064 3.351266
28.279264 3.316212
23.856592 3.891222
28.225029 3.103062
28.684153 3.700343
28.239153 3.330746
28.023457 3.331710
28.369392 3.701680
27.918676 3.539027
27.959654 3.229241
28.354448 2.932294
28.582169 3.258776
28.290348 3.542556
28.369392 3.701680
27.968422 3.322213
28.210125 3.291773
28.340765 3.344750
28.328074 3.477499
28.273138 3.525472
28.522150 3.601778
28.410259 3.514491
28.069929 3.516562
28.229156 3.276284
28.034437 3.524561
28.198692 3.315939
28.276684 3.250001
28.130228 3.349680
28.460398 3.416215
27.897047 3.296076
28.293093 3.200884
31.709780 10.500546
28.370182 3.721254
28.608824 3.031963
28.201159 3.358288
28.165649 3.294691
28.459635 3.833792
27.998009 3.579391
28.684153 3.700343
28.059799 3.479143
28.657427 3.168396
27.876844 3.300833
28.231064 3.351266
28.216106 3.164136
28.048054 3.357373
28.354055 3.267098
23.668459 3.919560
28.772188 3.570561
28.367130 3.645838
28.202684 3.283200
28.684153 3.700343
28.196302 3.051552
28.211655 3.414158
27.955154 3.276028
28.455107 3.647057
28.588654 3.725107
28.120279 3.194417
28.159798 3.351366
27.942753 3.466799
33.846943 3.396844
28.628962 3.777298
28.429640 3.553089
28.054312 3.339897
28.170597 2.978914
28.560760 3.591567
28.229151 3.340266
28.732754 3.711406
28.413118 3.558115
28.736141 3.033471
28.560371 3.030804
28.376688 3.231410
28.240068 3.434702
27.918676 3.539027
27.934799 3.295516
28.179443 3.305483
28.094364 3.130083
28.487785 3.267643
28.154654 3.462479
28.109505 3.685038
28.622425 3.178802
28.415041 3.340169
28.114811 3.198235
28.153915 3.171890
28.062851 3.539593
28.234865 2.805462
28.264328 3.576534
28.559326 3.239384
27.972748 3.281101
27.998009 3.579391
28.210125 3.291773
28.357161 3.682178
28.240068 3.434702
28.465309 3.001801
28.177824 3.262442
28.412777 3.698768
28.243826 3.637729
28.684153 3.700343
27.925554 3.654109
28.237965 3.004867
27.954445 3.545954
28.412777 3.698768
27.941223 3.557779
28.193567 3.510047
27.934799 3.295516
28.324545 3.679306
28.282784 3.507426
28.175880 3.284500
28.348822 3.643241
28.258625 3.282513
28.474474 3.323622
28.071840 2.983027
28.490913 3.099761
28.503756 3.570178
27.969753 3.056467
28.468136 3.350756
28.103083 3.326095
28.470873 3.504941
28.723904 3.838611
27.896544 3.318835
28.216106 3.164136
28.453234 3.331681
28.412777 3.698768
27.876518 3.594236
28.201159 3.358288
28.333281 3.744376
28.653315 2.970662
27.969753 3.056467
28.352512 3.218203
28.276407 3.452318
28.588654 3.725107
27.942753 3.466799
28.229156 3.276284
28.004545 3.342567
27.918676 3.539027
27.909218 3.289278
28.160549 3.335370
28.255405 3.204628
28.684153 3.700343
27.972748 3.281101
28.345549 3.369209
28.016186 3.254461
28.264328 3.576534
27.866552 3.379096
27.968422 3.322213
28.070845 3.374361
28.732754 3.711406
28.264223 3.371787
28.607319 3.188313
28.459639 3.492328
28.284283 2.962790
28.079390 3.521380
28.160549 3.335370
28.164845 3.359472
28.164845 3.359472
28.275324 3.542794
28.097050 3.472481
27.943802 3.421223
27.949614 3.267836
28.165749 3.491436
28.351414 3.343998
28.351414 3.343998
28.334446 3.367215
28.203485 3.503576
28.004545 3.342567
27.876518 3.594236
28.398607 3.630953
28.261118 3.322917
28.201969 3.263836
27.728600 3.241964
28.161659 2.894465
28.239908 3.342357
28.004545 3.342567
27.895773 3.313101
27.876844 3.300833
28.380157 3.389762
28.105022 2.945576
28.157452 3.319445
28.282784 3.507426
27.894831 3.229361
28.352512 3.218203
28.196640 3.604467
28.201159 3.358288
28.253328 3.650932
28.341091 3.641114
27.955154 3.276028
28.023457 3.331710
28.413118 3.558115
28.451582 2.925548
27.826168 3.328794
28.477360 3.660452
28.431288 3.089008
27.905094 3.523885
28.217657 3.117841
28.338383 3.401511
28.243103 3.239456
28.484541 3.267239
28.216106 3.164136
28.560371 3.030804
27.885201 3.178898
28.404005 3.229730
27.701534 3.058983
28.023457 3.331710
28.127001 3.524268
28.018570 3.481180
28.248983 3.553778
28.131371 3.404474
27.972748 3.281101
28.193567 3.510047
28.378836 3.312528
27.925554 3.654109
28.492374 3.325884
28.464651 3.482790
28.369392 3.701680
28.254444 3.526592
28.131729 2.983178
28.572041 3.357924
28.131729 2.983178
27.969753 3.056467
28.276684 3.250001
28.324183 3.341307
28.197777 2.832276
28.663029 3.556741
28.187889 3.095811
28.224936 3.270091
27.926647 3.352798
28.560371 3.030804
27.925554 3.654109
28.399443 2.970053
28.560371 3.030804
28.429461 3.235018
28.193567 3.510047
28.579493 3.676341
28.200764 3.337361
28.684153 3.700343
28.440184 3.521505
28.341091 3.641114
28.284637 3.047816
28.332699 3.378648
28.333281 3.744376
28.579493 3.676341
28.491228 3.534535
27.991543 3.388467
28.089743 3.352705
28.132282 3.190527
27.986855 3.226350
28.107683 3.333265
28.118259 3.316941
23.033688 3.663939
27.972748 3.281101
28.269308 3.363964
28.653315 2.970662
27.615467 3.089944
28.560371 3.030804
28.325243 3.210260
28.500502 3.360582
28.160549 3.335370
28.094913 3.522427
28.462473 3.512966
28.579493 3.676341
28.631563 2.761192
28.291388 3.464567
28.464651 3.482790
28.184078 3.224454
28.101347 3.283889
28.608824 3.031963
27.866552 3.379096
28.160549 3.335370
27.993372 3.328971
28.399977 3.120181
27.955154 3.276028
27.840826 3.274190
28.475992 3.177300
28.156126 2.835748
28.341091 3.641114
28.107952 3.283742
28.346664 3.367424
28.261118 3.322917
28.100101 3.625750
28.348160 3.566245
28.423481 3.394319
28.023457 3.331710
28.140928 3.643453
28.112532 3.304924
28.410791 3.370492
28.296804 3.384228
28.205238 3.261097
27.909218 3.289278
24.091633 3.562273
27.897047 3.296076
27.918676 3.539027
28.048285 3.362642
28.068825 3.569003
28.064512 3.599572
33.846943 3.396844
28.004137 3.385158
28.254519 3.117846
28.109505 3.685038
28.354055 3.267098
28.062851 3.539593
28.354055 3.267098
28.323410 3.445621
28.367722 3.188806
28.212727 3.357505
27.905941 3.246147
28.071840 2.983027
28.016186 3.254461
28.064512 3.599572
27.969753 3.056467
28.113121 3.363732
28.579493 3.676341
28.067043 3.305804
28.392607 3.572897
28.216106 3.164136
27.718830 3.156623
28.139303 3.231795
28.114094 3.371602
28.224936 3.270091
28.218563 2.949007
28.160549 3.335370
28.238707 3.175020
28.333281 3.744376
28.145777 3.542512
23.412735 3.907310
28.684153 3.700343
28.156126 2.835748
28.491228 3.534535
28.369392 3.701680
27.905941 3.246147
27.999517 3.083638
27.968422 3.322213
28.097050 3.472481
28.210125 3.291773
28.220253 3.537269
28.357161 3.682178
28.293093 3.200884
28.160549 3.335370
28.312984 3.097276
28.156126 2.835748
28.210125 3.291773
27.893475 3.299716
27.954445 3.545954
28.134903 3.656589
28.202684 3.283200
27.751751 3.184531
28.069929 3.516562
28.618534 3.323120
28.218563 2.949007
28.198174 2.983405
28.251127 3.412603
27.909218 3.289278
27.955154 3.276028
28.429461 3.235018
28.269308 3.363964
28.091492 2.947144
28.075661 3.272514
28.160549 3.335370
28.079390 3.521380
28.194977 3.345335
27.909218 3.289278
28.541233 3.353814
28.041193 2.913544
28.153206 3.214309
27.926647 3.352798
27.955154 3.276028
28.400730 3.467716
28.235443 3.565644
27.704456 3.556334
28.257700 2.879388
27.904341 3.268459
27.983320 3.358437
28.284283 2.962790
28.218563 2.949007
28.233719 3.286367
28.094913 3.522427
28.247957 3.132724
28.316843 3.413179
28.134903 3.656589
28.253328 3.650932
28.062851 3.539593
27.965836 3.227419
27.879330 3.067203
27.942753 3.466799
28.481274 2.945081
28.018570 3.481180
27.844324 3.028838
28.061218 3.295400
27.959654 3.229241
28.093586 3.353736
28.371971 3.435124
28.491228 3.534535
28.541233 3.353814
27.993172 3.158480
28.017023 3.224788
28.200647 3.259931
28.115171 3.410749
27.885201 3.178898
28.362801 2.845288
23.626415 3.915462
28.240068 3.434702
28.236565 3.112091
28.619675 3.405900
27.979242 3.534011
27.904341 3.268459
27.972748 3.281101
28.472387 3.656325
28.328495 3.476941
28.290348 3.542556
28.023457 3.331710
27.840826 3.274190
28.393917 3.364474
28.238707 3.175020
28.512449 2.992545
28.242086 3.466317
28.366402 2.977009
28.477360 3.660452
28.184078 3.224454
28.170597 2.978914
23.626415 3.915462
28.184078 3.224454
28.560760 3.591567
27.918676 3.539027
28.211655 3.414158
28.149370 3.180967
28.367130 3.645838
28.097050 3.472481
28.657427 3.168396
28.511692 3.596275
28.706770 3.583110
28.201159 3.358288
27.998009 3.579391
27.972748 3.281101
28.396217 2.893943
28.367722 3.188806
28.351414 3.343998
28.458431 3.336558
28.374718 3.751066
28.231064 3.351266
28.522150 3.601778
23.355873 3.544549
27.955154 3.276028
27.994839 2.950787
28.284283 2.962790
28.332699 3.378648
28.385977 3.300909
28.631563 2.761192
28.227596 3.074033
28.560371 3.030804
27.905094 3.523885
28.540600 2.880115
28.238707 3.175020
28.283052 3.351166
28.349983 3.309875
24.091633 3.562273
28.092974 3.344507
28.208521 3.414399
28.224936 3.270091
27.896971 3.508387
28.172737 3.573150
28.070845 3.374361
28.606285 3.573709
28.371971 3.435124
28.540600 2.880115
28.198174 2.983405
28.160549 3.335370
28.663029 3.556741
28.633123 3.356805
28.657427 3.168396
28.477360 3.660452
28.235443 3.565644
28.059799 3.479143
28.009577 2.959138
28.663029 3.556741
28.131729 2.983178
28.631563 2.761192
28.004545 3.342567
28.655714 3.577003
28.410267 3.665655
28.663029 3.556741
28.064512 3.599572
28.207628 3.017429
28.187889 3.095811
28.106283 3.509343
28.099827 3.616180
28.338383 3.401511
28.067911 3.538169
28.072968 3.464528
30.970247 6.763095
23.355873 3.544549
28.145777 3.542512
28.543201 3.827173
28.071840 2.983027
28.261118 3.322917
28.217657 3.117841
28.264223 3.371787
28.140928 3.643453
28.177563 3.532255
28.184078 3.224454
28.100101 3.625750
28.425726 3.464651
28.004545 3.342567
28.208521 3.414399
28.115456 3.557961
28.423046 3.741669
28.196640 3.604467
28.015312 3.456401
28.429640 3.553089
28.331348 3.301762
23.033688 3.663939
28.316843 3.413179
28.273138 3.525472
28.468136 3.350756
28.607702 3.536631
28.334181 3.246240
31.709780 10.500546
28.579493 3.676341
28.606285 3.573709
28.131371 3.404474
28.382544 3.570113
27.993172 3.158480
28.374718 3.751066
28.477360 3.660452
28.450680 3.232815
28.181639 3.526252
28.410791 3.370492
28.285557 3.230623
28.184078 3.224454
28.401928 3.252054
28.275093 3.342781
28.015312 3.456401
28.453234 3.331681
28.367722 3.188806
27.998009 3.579391
28.107952 3.283742
28.131729 2.983178
23.412735 3.907310
28.066710 3.270586
28.392607 3.572897
28.066767 3.295242
28.160549 3.335370
28.772188 3.570561
28.115332 3.209930
28.113876 3.488885
28.539959 3.436121
28.181639 3.526252
28.050745 3.372207
28.283821 3.134945
27.980167 3.492568
28.329887 3.574234
28.312984 3.097276
28.631563 2.761192
28.175880 3.284500
28.053410 3.315792
31.709780 10.500546
28.210125 3.291773
28.580742 3.303113
28.325321 3.140920
28.202684 3.283200
27.615467 3.089944
28.125727 2.979501
28.238720 3.619778
27.968422 3.322213
28.618534 3.323120
28.312984 3.097276
28.695532 3.135843
28.112652 3.480323
23.856592 3.891222
27.896971 3.508387
28.392607 3.572897
28.392607 3.572897
28.059799 3.479143
28.184078 3.224454
28.242086 3.466317
28.069929 3.516562
28.490913 3.099761
28.117344 2.958483
28.102045 3.369459
28.069929 3.516562
27.955154 3.276028
28.451582 2.925548
27.918676 3.539027
27.905941 3.246147
27.968422 3.322213
28.299953 3.251208
28.494732 3.273419
28.374792 3.364138
28.380043 3.384107
28.489683 3.402328
28.200647 3.259931
28.117344 2.958483
27.925554 3.654109
27.866552 3.379096
28.139328 3.274050
28.410831 3.446743
28.093586 3.353736
28.282784 3.507426
28.139328 3.274050
28.148378 3.092778
28.284914 3.316154
27.837362 3.721518
27.904341 3.268459
28.618534 3.323120
28.066710 3.270586
28.282784 3.507426
28.202997 3.704450
28.522150 3.601778
28.097050 3.472481
28.357161 3.682178
28.139303 3.231795
28.453888 3.650424
28.772188 3.570561
28.162712 3.505383
28.048967 3.469872
28.332699 3.378648
28.220253 3.537269
28.048521 3.378618
28.133781 3.345706
28.408693 2.960917
28.160549 3.335370
28.396339 3.532770
28.099827 3.616180
27.972748 3.281101
27.969753 3.056467
28.320486 2.990079
28.021551 3.067947
27.969753 3.056467
28.568220 3.313496
28.472387 3.656325
28.024168 2.944366
27.972748 3.281101
28.320486 2.990079
28.243103 3.239456
28.212727 3.357505
28.415041 3.340169
28.385977 3.300909
28.211216 3.148455
28.320486 2.990079
28.114462 3.554458
28.406057 3.244932
28.184078 3.224454
28.117344 2.958483
28.112532 3.304924
27.998009 3.579391
28.160549 3.335370
28.328074 3.477499
28.107952 3.283742
28.500502 3.360582
28.216106 3.164136
28.131729 2.983178
28.242086 3.466317
27.972748 3.281101
28.059799 3.479143
28.202684 3.283200
23.626415 3.915462
28.157410 3.198028
28.392607 3.572897
28.091492 2.947144
28.240963 3.602521
28.607702 3.536631
28.415041 3.340169
28.016186 3.254461
28.536129 3.429402
28.175880 3.284500
27.968422 3.322213
28.233339 3.331056
28.489683 3.402328
28.237965 3.004867
28.149370 3.180967
28.398607 3.630953
28.200647 3.259931
28.201969 3.263836
27.751751 3.184531
28.389071 3.331481
28.109505 3.685038
28.062851 3.539593
27.960026 3.541055
28.240068 3.434702
28.732754 3.711406
28.113630 2.983146
28.148762 2.999844
28.772188 3.570561
28.491228 3.534535
28.367130 3.645838
28.456230 3.374798
31.709780 10.500546
28.772188 3.570561
28.492374 3.325884
23.033688 3.663939
28.472387 3.656325
28.312984 3.097276
28.436609 3.406597
28.441181 2.975494
28.072968 3.464528
28.333281 3.744376
28.069929 3.516562
28.007048 3.232375
28.387905 3.160306
28.500502 3.360582
28.202684 3.283200
28.282301 3.368526
28.113630 2.983146
28.559406 3.410715
28.655714 3.577003
28.067911 3.538169
28.144323 3.323816
28.095915 3.698980
28.009577 2.959138
28.086645 3.307319
28.317211 3.184715
28.075661 3.272514
28.732754 3.711406
28.607702 3.536631
23.033688 3.663939
27.955154 3.276028
28.240068 3.434702
28.451582 2.925548
28.684153 3.700343
28.157452 3.319445
28.120279 3.194417
28.064934 3.120837
28.107952 3.283742
23.773323 3.737984
27.998009 3.579391
28.415041 3.340169
28.631563 2.761192
28.317211 3.184715
28.491228 3.534535
28.323410 3.445621
28.348404 3.325800
28.491228 3.534535
28.125727 2.979501
28.102045 3.369459
23.033688 3.663939
28.140928 3.643453
28.113630 2.983146
28.149370 3.180967
28.242086 3.466317
28.064512 3.599572
28.392607 3.572897
28.235443 3.565644
28.511477 3.307343
28.157452 3.319445
28.212727 3.357505
28.631563 2.761192
28.349430 3.118868
28.541233 3.353814
27.904341 3.268459
28.258949 3.117244
28.451582 2.925548
28.070637 3.638746
28.201159 3.358288
28.539959 3.436121
28.276588 3.525060
28.233339 3.331056
28.663029 3.556741
28.208521 3.414399
23.856592 3.891222
28.082466 2.959861
28.440184 3.521505
28.131371 3.404474
28.066710 3.270586
28.684153 3.700343
28.412777 3.698768
28.003048 3.015347
28.269308 3.363964
28.373114 3.501055
28.459635 3.833792
27.993172 3.158480
28.238707 3.175020
28.134903 3.656589
28.201159 3.358288
28.540600 2.880115
28.369392 3.701680
28.500502 3.360582
28.115456 3.557961
28.068825 3.569003
27.956459 3.325121
28.631563 2.761192
28.468136 3.350756
28.540600 2.880115
28.003048 3.015347
28.014917 3.484666
28.491228 3.534535
28.118259 3.316941
28.470873 3.504941
28.082466 2.959861
28.373920 2.894024
28.279264 3.316212
28.156126 2.835748
28.420063 3.381646
28.208521 3.414399
28.134903 3.656589
28.039003 3.518927
28.374718 3.751066
28.631563 2.761192
28.240068 3.434702
28.059799 3.479143
28.723904 3.838611
28.373114 3.501055
28.631563 2.761192
28.165749 3.491436
28.503756 3.570178
28.349167 3.535911
27.897047 3.296076
28.631563 2.761192
28.618534 3.323120
28.367130 3.645838
28.472387 3.656325
28.124382 3.478785
28.657427 3.168396
28.014917 3.484666
27.835859 2.970471
28.723904 3.838611
28.279264 3.316212
28.202997 3.704450
28.329887 3.574234
28.161659 2.894465
28.334181 3.246240
28.099827 3.616180
28.568220 3.313496
28.218563 2.949007
23.626415 3.915462
28.470873 3.504941
28.109505 3.685038
28.118259 3.316941
28.520510 3.240862
28.201159 3.358288
28.196640 3.604467
27.837362 3.721518
28.186245 3.345286
28.107683 3.333265
27.704456 3.556334
28.245031 3.265758
28.101347 3.283889
28.023485 3.270266
28.606285 3.573709
28.393917 3.364474
28.103128 3.545922
28.014917 3.484666
28.231064 3.351266
27.876844 3.300833
27.502974 2.934943
28.462473 3.512966
27.896971 3.508387
28.388678 3.223189
28.568220 3.313496
28.559326 3.239384
23.033688 3.663939
28.369392 3.701680
28.210125 3.291773
28.312984 3.097276
28.631563 2.761192
27.956459 3.325121
28.069490 3.265456
27.704456 3.556334
28.004545 3.342567
28.408693 2.960917
28.344769 2.805000
28.261946 3.501965
28.279264 3.316212
27.615467 3.089944
28.684153 3.700343
28.212715 2.938484
28.459635 3.833792
28.197777 2.832276
28.007048 3.232375
28.417622 3.338990
28.004545 3.342567
27.909218 3.289278
28.242086 3.466317
28.325243 3.210260
28.231064 3.351266
28.220253 3.537269
27.840826 3.274190
28.293447 3.340474
28.369392 3.701680
23.626415 3.915462
28.568220 3.313496
28.184078 3.224454
28.325321 3.140920
28.511477 3.307343
28.559406 3.410715
28.170597 2.978914
28.233339 3.331056
28.392607 3.572897
27.972748 3.281101
27.835436 3.429510
28.354448 2.932294
28.367130 3.645838
28.431288 3.089008
27.955154 3.276028
28.606285 3.573709
28.067911 3.538169
28.619675 3.405900
27.969753 3.056467
28.217146 3.339469
28.608824 3.031963
28.144323 3.323816
28.392607 3.572897
28.240068 3.434702
28.320486 2.990079
28.059799 3.479143
28.580742 3.303113
27.900900 3.097897
28.212727 3.357505
28.392607 3.572897
28.200647 3.259931
28.242086 3.466317
28.317211 3.184715
28.477360 3.660452
28.379782 3.557902
28.282301 3.368526
28.233639 3.510759
28.194977 3.345335
28.099827 3.616180
28.491228 3.534535
28.351414 3.343998
28.177563 3.532255
27.959654 3.229241
28.202684 3.283200
27.926647 3.352798
28.470873 3.504941
28.039003 3.518927
28.131371 3.404474
28.220253 3.537269
27.968422 3.322213
28.048285 3.362642
28.451582 2.925548
27.994839 2.950787
28.349430 3.118868
27.911863 3.178140
28.756310 3.581554
28.180670 3.441375
28.251127 3.412603
28.385035 3.310492
28.606285 3.573709
28.489683 3.402328
23.582495 3.885006
23.742809 3.821554
28.120279 3.194417
28.094913 3.522427
28.238720 3.619778
28.655714 3.577003
28.211216 3.148455
28.328074 3.477499
28.357161 3.682178
28.237965 3.004867
28.107952 3.283742
28.354448 2.932294
28.312984 3.097276
28.408693 2.960917
28.242086 3.466317
28.354055 3.267098
28.233339 3.331056
28.082466 2.959861
28.346664 3.367424
28.608824 3.031963
28.066767 3.295242
28.312984 3.097276
28.145777 3.542512
28.050745 3.372207
28.233339 3.331056
28.357161 3.682178
28.193567 3.510047
28.374718 3.751066
28.062851 3.539593
28.330696 3.547346
27.971933 3.640140
28.380043 3.384107
28.127001 3.524268
28.170597 2.978914
28.233339 3.331056
27.993172 3.158480
28.462473 3.512966
27.918676 3.539027
27.972748 3.281101
28.101595 3.005405
28.131729 2.983178
28.003473 3.488633
28.240299 3.235584
28.317211 3.184715
28.608824 3.031963
23.626415 3.915462
28.333281 3.744376
28.211216 3.148455
28.408693 2.960917
28.393917 3.364474
28.235443 3.565644
28.240068 3.434702
28.619675 3.405900
28.101347 3.283889
28.408758 3.338838
28.631563 2.761192
28.560371 3.030804
28.412777 3.698768
27.958632 3.222089
28.367130 3.645838
28.094913 3.522427
28.584194 3.491195
28.070845 3.374361
28.158215 3.373210
28.325321 3.140920
28.760452 3.532188
28.212727 3.357505
28.357161 3.682178
28.451582 2.925548
28.453888 3.650424
27.909218 3.289278
28.107952 3.283742
27.994839 2.950787
28.070637 3.638746
27.911863 3.178140
28.220253 3.537269
28.112532 3.304924
27.904341 3.268459
28.220253 3.537269
28.568220 3.313496
23.626415 3.915462
28.417622 3.338990
28.220253 3.537269
28.258949 3.117244
28.009577 2.959138
28.076942 3.291517
28.408758 3.338838
28.009577 2.959138
27.893475 3.299716
28.412777 3.698768
28.579493 3.676341
28.408693 2.960917
28.477360 3.660452
28.269308 3.363964
28.453234 3.331681
28.608824 3.031963
28.003473 3.488633
28.492374 3.325884
28.023457 3.331710
28.396217 2.893943
28.107952 3.283742
28.385977 3.300909
27.972748 3.281101
28.044405 2.943838
28.333281 3.744376
28.348404 3.325800
28.468136 3.350756
28.216106 3.164136
28.278353 3.139643
28.094913 3.522427
28.018570 3.481180
27.925554 3.654109
28.069929 3.516562
28.113630 2.983146
23.591619 3.641118
28.003473 3.488633
28.392607 3.572897
27.723652 3.239724
28.655714 3.577003
28.459635 3.833792
27.954445 3.545954
28.128834 3.556260
28.455107 3.647057
28.398607 3.630953
28.293447 3.340474
27.876844 3.300833
28.231777 3.369302
28.112532 3.304924
28.048967 3.469872
28.491228 3.534535
28.340765 3.344750
28.233339 3.331056
28.003048 3.015347
28.118259 3.316941
28.663029 3.556741
28.346230 3.467571
28.541233 3.353814
28.112532 3.304924
28.340765 3.344750
28.293447 3.340474
28.579493 3.676341
28.560760 3.591567
27.998009 3.579391
28.202684 3.283200
28.684153 3.700343
28.105719 3.238483
28.423046 3.741669
28.194118 3.069901
27.971933 3.640140
28.723904 3.838611
28.412777 3.698768
28.113630 2.983146
28.333281 3.744376
28.067911 3.538169
28.099827 3.616180
28.374718 3.751066
28.062851 3.539593
31.233887 6.789052
28.069929 3.516562
28.261946 3.501965
28.109974 3.324190
27.909218 3.289278
28.392607 3.572897
28.113630 2.983146
27.723652 3.239724
28.348160 3.566245
28.003048 3.015347
28.320486 2.990079
28.218563 2.949007
28.619675 3.405900
28.472387 3.656325
28.756310 3.581554
28.070637 3.638746
28.127001 3.524268
28.299953 3.251208
28.109505 3.685038
28.262581 3.166693
28.100101 3.625750
28.110823 3.298623
28.317211 3.184715
28.500502 3.360582
28.071840 2.983027
28.018570 3.481180
28.358730 3.372246
28.573093 3.650997
28.404005 3.229730
27.909218 3.289278
28.220253 3.537269
28.089783 3.189382
28.117344 2.958483
27.993372 3.328971
28.247957 3.132724
28.097050 3.472481
28.371971 3.435124
27.911863 3.178140
28.256994 3.522869
28.503756 3.570178
28.164845 3.359472
28.503756 3.570178
28.284283 2.962790
28.248987 3.038496
28.288294 2.992801
28.491228 3.534535
28.278353 3.139643
28.608824 3.031963
28.398607 3.630953
28.069490 3.265456
28.218563 2.949007
28.271946 3.419011
28.293447 3.340474
28.367130 3.645838
28.398607 3.630953
28.317640 3.120071
28.369392 3.701680
28.107683 3.333265
28.365982 3.345348
28.275093 3.342781
28.094913 3.522427
28.247957 3.132724
28.275093 3.342781
28.320486 2.990079
28.412777 3.698768
28.608824 3.031963
28.157452 3.319445
28.067911 3.538169
28.333281 3.744376
28.160549 3.335370
28.539959 3.436121
27.959654 3.229241
27.925554 3.654109
28.059799 3.479143
28.477360 3.660452
28.247957 3.132724
28.551506 2.866480
28.160011 3.395220
28.491228 3.534535
28.539959 3.436121
28.699141 2.998672
27.909218 3.289278
28.408693 2.960917
28.220253 3.537269
28.373114 3.501055
28.218563 2.949007
28.494732 3.273419
28.423046 3.741669
28.062851 3.539593
28.653315 2.970662
28.117344 2.958483
28.184078 3.224454
28.410105 3.362961
28.212727 3.357505
27.983320 3.358437
28.663029 3.556741
28.160011 3.395220
28.282784 3.507426
28.160549 3.335370
28.296804 3.384228
28.392607 3.572897
28.099827 3.616180
28.245031 3.265758
28.071709 3.209830
28.351414 3.343998
28.367130 3.645838
27.983320 3.358437
27.969753 3.056467
28.140928 3.643453
28.109974 3.324190
28.619675 3.405900
28.271946 3.419011
28.293447 3.340474
28.247957 3.132724
28.196640 3.604467
27.904341 3.268459
28.342058 3.226148
28.202684 3.283200
27.972748 3.281101
27.969753 3.056467
28.253328 3.650932
28.374718 3.751066
28.456230 3.374798
28.477360 3.660452
28.067911 3.538169
27.893475 3.299716
28.385632 2.982904
28.237965 3.004867
28.114094 3.371602
28.369392 3.701680
28.194118 3.069901
28.157452 3.319445
27.876518 3.594236
28.291388 3.464567
28.399977 3.120181
27.896971 3.508387
28.218563 2.949007
27.956459 3.325121
28.606285 3.573709
28.094913 3.522427
27.960026 3.541055
28.125727 2.979501
28.539959 3.436121
28.392607 3.572897
28.062851 3.539593
27.900900 3.097897
27.983320 3.358437
28.003048 3.015347
28.756310 3.581554
28.248234 3.016143
28.367722 3.188806
28.393917 3.364474
28.062851 3.539593
28.453234 3.331681
28.139868 3.335168
28.663029 3.556741
27.958632 3.222089
23.763550 3.548506
28.131371 3.404474
28.282301 3.368526
28.351414 3.343998
27.918676 3.539027
28.160011 3.395220
28.367722 3.188806
28.238720 3.619778
28.225029 3.103062
23.626415 3.915462
28.607702 3.536631
28.124382 3.478785
28.210125 3.291773
27.994839 2.950787
27.983320 3.358437
28.039003 3.518927
28.107683 3.333265
23.626415 3.915462
28.157452 3.319445
28.184078 3.224454
28.732754 3.711406
28.160549 3.335370
28.014917 3.484666
28.253328 3.650932
28.034437 3.524561
28.140261 3.335351
28.503756 3.570178
28.156126 2.835748
28.179443 3.305483
28.128834 3.556260
28.373920 2.894024
28.231064 3.351266
28.157452 3.319445
28.489683 3.402328
28.332699 3.378648
28.367722 3.188806
27.897047 3.296076
28.340765 3.344750
28.451582 2.925548
27.876844 3.300833
28.160549 3.335370
28.628962 3.777298
28.217146 3.339469
28.539959 3.436121
28.756310 3.581554
28.367722 3.188806
28.053410 3.315792
27.908258 3.286824
28.631563 2.761192
28.385977 3.300909
28.258625 3.282513
28.210125 3.291773
28.374718 3.751066
28.772188 3.570561
28.102583 2.995670
28.317211 3.184715
28.099827 3.616180
28.606285 3.573709
28.385632 2.982904
23.388968 3.860971
23.668459 3.919560
28.069929 3.516562
28.606285 3.573709
28.261118 3.322917
28.070637 3.638746
28.158215 3.373210
28.039003 3.518927
28.246881 3.311423
28.094913 3.522427
28.610609 3.374996
28.293093 3.200884
28.149370 3.180967
28.261118 3.322917
28.208521 3.414399
28.015312 3.456401
28.225029 3.103062
28.772188 3.570561
27.942753 3.466799
28.233639 3.510759
28.328775 3.139332
28.202997 3.704450
28.240553 3.442617
28.269308 3.363964
23.626415 3.915462
28.115431 3.577929
28.100101 3.625750
28.699141 2.998672
28.067911 3.538169
28.099827 3.616180
28.606285 3.573709
27.956459 3.325121
28.560760 3.591567
28.070637 3.638746
28.477360 3.660452
28.132282 3.190527
23.033688 3.663939
28.429640 3.553089
23.355873 3.544549
28.367130 3.645838
28.332699 3.378648
28.165749 3.491436
28.631563 2.761192
28.053410 3.315792
28.124382 3.478785
28.099827 3.616180
27.969753 3.056467
23.626415 3.915462
28.503756 3.570178
28.240068 3.434702
28.201159 3.358288
23.033688 3.663939
28.100101 3.625750
28.393917 3.364474
28.412777 3.698768
28.607702 3.536631
27.998009 3.579391
28.559326 3.239384
28.067911 3.538169
28.216106 3.164136
28.373920 2.894024
28.489683 3.402328
28.328775 3.139332
28.606285 3.573709
28.200647 3.259931
28.099827 3.616180
28.009577 2.959138
28.351414 3.343998
27.983320 3.358437
28.631563 2.761192
27.897047 3.296076
27.971933 3.640140
28.107683 3.333265
28.376894 3.310228
28.412777 3.698768
28.238707 3.175020
28.208521 3.414399
28.160549 3.335370
27.959654 3.229241
28.246881 3.311423
28.201159 3.358288
23.856592 3.891222
28.235443 3.565644
28.210125 3.291773
28.385632 2.982904
28.235443 3.565644
27.994839 2.950787
28.200647 3.259931
28.053410 3.315792
27.888147 3.428156
28.511477 3.307343
28.240068 3.434702
28.157452 3.319445
28.014917 3.484666
28.462473 3.512966
28.376894 3.310228
28.541508 3.418934
27.905094 3.523885
28.125727 2.979501
28.158215 3.373210
27.888147 3.428156
28.240553 3.442617
28.053410 3.315792
28.240068 3.434702
28.622425 3.178802
28.177563 3.532255
28.503756 3.570178
28.491228 3.534535
28.160011 3.395220
27.876844 3.300833
27.909218 3.289278
28.410791 3.370492
28.131371 3.404474
28.412777 3.698768
28.328495 3.476941
28.399977 3.120181
28.540600 2.880115
28.107952 3.283742
28.568220 3.313496
28.699141 2.998672
28.004545 3.342567
28.094913 3.522427
28.238707 3.175020
28.053410 3.315792
28.417622 3.338990
28.684153 3.700343
28.365982 3.345348
28.170597 2.978914
28.242086 3.466317
28.113876 3.488885
28.211655 3.414158
27.972748 3.281101
28.202684 3.283200
28.218563 2.949007
28.115431 3.577929
28.131371 3.404474
28.433516 3.570852
28.131371 3.404474
28.149370 3.180967
28.097050 3.472481
28.099827 3.616180
28.094913 3.522427
28.371971 3.435124
28.131371 3.404474
28.296377 3.261886
28.193567 3.510047
28.296377 3.261886
27.994839 2.950787
28.130228 3.349680
28.608824 3.031963
28.412777 3.698768
28.261946 3.501965
28.094913 3.522427
28.201159 3.358288
27.998009 3.579391
27.972748 3.281101
28.367722 3.188806
28.162712 3.505383
28.069929 3.516562
28.016186 3.254461
27.998009 3.579391
28.663029 3.556741
28.579493 3.676341
28.003048 3.015347
28.200647 3.259931
28.101347 3.283889
28.023457 3.331710
23.033688 3.663939
28.117344 2.958483
28.472387 3.656325
27.994839 2.950787
28.541233 3.353814
28.179443 3.305483
28.131729 2.983178
28.240068 3.434702
28.579493 3.676341
23.668459 3.919560
28.157452 3.319445
27.897047 3.296076
28.062851 3.539593
28.275093 3.342781
28.023457 3.331710
28.157410 3.198028
28.687956 3.193330
27.909218 3.289278
28.007048 3.232375
28.579493 3.676341
28.392607 3.572897
23.763550 3.548506
28.687956 3.193330
28.258625 3.282513
28.200647 3.259931
28.100101 3.625750
28.367722 3.188806
28.607702 3.536631
28.253328 3.650932
27.949614 3.267836
28.220737 2.929496
28.170597 2.978914
27.837362 3.721518
30.970247 6.763095
28.374718 3.751066
27.955154 3.276028
28.220253 3.537269
28.164845 3.359472
28.451582 2.925548
28.312984 3.097276
28.349167 3.535911
28.208521 3.414399
28.118259 3.316941
28.139328 3.274050
28.373114 3.501055
28.367722 3.188806
23.388968 3.860971
27.704456 3.556334
28.212727 3.357505
28.367722 3.188806
28.059799 3.479143
27.830038 3.489426
28.275093 3.342781
28.760452 3.532188
28.275093 3.342781
28.547861 3.198063
28.723904 3.838611
27.876844 3.300833
28.357161 3.682178
27.998009 3.579391
27.972748 3.281101
28.319466 3.398086
28.072968 3.464528
28.218563 2.949007
27.955154 3.276028
28.193567 3.510047
28.160549 3.335370
28.579493 3.676341
28.184078 3.224454
28.415041 3.340169
28.396217 2.893943
28.160549 3.335370
23.033688 3.663939
28.282301 3.368526
27.968422 3.322213
23.773323 3.737984
28.325321 3.140920
27.897047 3.296076
28.490913 3.099761
27.728600 3.241964
28.097050 3.472481
23.388968 3.860971
28.541233 3.353814
27.969753 3.056467
28.579493 3.676341
28.503756 3.570178
28.560760 3.591567
23.033688 3.663939
28.039003 3.518927
28.062851 3.539593
28.376894 3.310228
28.217657 3.117841
28.423046 3.741669
27.876844 3.300833
28.291388 3.464567
28.069929 3.516562
28.392607 3.572897
28.007048 3.232375
28.412777 3.698768
27.960026 3.541055
28.392607 3.572897
28.253328 3.650932
28.156126 2.835748
28.099827 3.616180
28.238707 3.175020
28.756310 3.581554
28.071840 2.983027
28.220253 3.537269
28.687956 3.193330
28.736141 3.033471
28.039003 3.518927
28.220737 2.929496
28.284283 2.962790
27.956459 3.325121
28.606285 3.573709
28.275093 3.342781
28.429640 3.553089
28.107952 3.283742
27.925554 3.654109
28.385632 2.982904
28.345100 3.555003
27.918676 3.539027
28.086645 3.307319
28.023457 3.331710
23.773323 3.737984
28.094913 3.522427
27.926647 3.352798
28.367130 3.645838
28.453888 3.650424
28.101347 3.283889
23.668459 3.919560
28.296377 3.261886
28.489683 3.402328
28.374718 3.751066
28.193567 3.510047
28.503756 3.570178
28.053410 3.315792
28.242086 3.466317
27.993172 3.158480
28.059799 3.479143
28.568220 3.313496
28.140261 3.335351
28.389071 3.331481
28.109974 3.324190
28.101347 3.283889
28.160549 3.335370
28.393917 3.364474
28.117344 2.958483
28.070845 3.374361
28.053410 3.315792
28.392607 3.572897
28.261118 3.322917
28.385632 2.982904
28.160549 3.335370
28.059799 3.479143
28.157452 3.319445
28.606285 3.573709
28.500502 3.360582
28.131371 3.404474
28.299543 3.291958
28.233339 3.331056
28.094913 3.522427
28.385632 2.982904
28.579493 3.676341
28.069929 3.516562
28.237965 3.004867
27.994839 2.950787
28.481274 2.945081
27.909218 3.289278
28.468136 3.350756
23.668459 3.919560
28.235443 3.565644
28.160549 3.335370
28.164845 3.359472
27.925554 3.654109
28.328495 3.476941
27.925554 3.654109
28.128834 3.556260
28.328775 3.139332
28.423046 3.741669
28.373114 3.501055
28.320486 2.990079
28.131371 3.404474
27.993172 3.158480
28.663029 3.556741
28.540600 2.880115
28.193567 3.510047
28.160549 3.335370
28.333281 3.744376
28.393917 3.364474
28.160549 3.335370
28.261118 3.322917
28.408693 2.960917
28.293447 3.340474
27.830038 3.489426
28.491228 3.534535
28.196640 3.604467
28.433516 3.570852
28.179443 3.305483
27.897047 3.296076
27.983320 3.358437
28.374718 3.751066
27.998009 3.579391
28.160549 3.335370
28.606285 3.573709
28.242086 3.466317
28.218563 2.949007
28.131371 3.404474
28.663029 3.556741
28.231064 3.351266
28.071840 2.983027
28.408758 3.338838
28.349167 3.535911
28.140261 3.335351
28.207628 3.017429
28.622425 3.178802
28.333281 3.744376
28.069929 3.516562
28.354448 2.932294
23.626415 3.915462
27.955154 3.276028
28.631563 2.761192
23.626415 3.915462
28.112652 3.480323
28.109974 3.324190
28.367130 3.645838
28.039003 3.518927
28.131729 2.983178
27.909218 3.289278
27.980167 3.492568
27.926647 3.352798
28.053410 3.315792
27.998009 3.579391
27.969753 3.056467
28.233639 3.510759
27.983320 3.358437
28.328495 3.476941
28.392607 3.572897
28.423046 3.741669
28.282301 3.368526
28.067911 3.538169
27.986855 3.226350
28.631563 2.761192
28.568220 3.313496
28.341091 3.641114
27.876844 3.300833
28.245031 3.265758
28.503756 3.570178
28.034437 3.524561
28.393917 3.364474
27.971933 3.640140
28.293447 3.340474
28.278353 3.139643
28.374718 3.751066
28.408758 3.338838
28.113630 2.983146
28.201159 3.358288
28.120279 3.194417
28.094913 3.522427
28.312984 3.097276
28.408693 2.960917
28.218563 2.949007
28.275093 3.342781
27.993172 3.158480
28.341091 3.641114
28.477360 3.660452
28.218563 2.949007
27.837362 3.721518
28.184078 3.224454
28.109505 3.685038
28.113876 3.488885
28.293447 3.340474
28.149370 3.180967
27.998009 3.579391
28.559406 3.410715
28.238720 3.619778
27.837362 3.721518
28.579493 3.676341
28.367130 3.645838
28.258625 3.282513
28.165749 3.491436
23.626415 3.915462
28.128834 3.556260
28.023457 3.331710
28.009577 2.959138
28.184078 3.224454
28.328495 3.476941
28.004545 3.342567
28.606285 3.573709
28.491228 3.534535
28.772188 3.570561
28.354448 2.932294
28.216106 3.164136
28.477360 3.660452
28.453888 3.650424
28.140261 3.335351
28.160549 3.335370
28.007048 3.232375
28.217146 3.339469
28.140261 3.335351
28.261118 3.322917
28.240068 3.434702
28.539959 3.436121
28.374718 3.751066
28.631563 2.761192
28.238707 3.175020
28.316843 3.413179
28.325321 3.140920
28.367130 3.645838
28.258625 3.282513
28.568220 3.313496
28.144323 3.323816
27.969753 3.056467
27.972748 3.281101
28.220253 3.537269
28.069929 3.516562
28.584194 3.491195
27.909218 3.289278
28.631563 2.761192
28.477360 3.660452
27.909218 3.289278
28.240068 3.434702
27.986855 3.226350
28.007048 3.232375
28.082466 2.959861
28.039003 3.518927
28.772188 3.570561
27.972748 3.281101
28.756310 3.581554
28.293447 3.340474
28.328495 3.476941
28.547861 3.198063
28.193567 3.510047
28.148762 2.999844
28.417622 3.338990
28.048285 3.362642
27.968422 3.322213
28.160549 3.335370
23.773323 3.737984
28.275093 3.342781
28.125727 2.979501
28.491228 3.534535
28.062851 3.539593
28.423046 3.741669
28.099827 3.616180
28.023457 3.331710
28.233639 3.510759
28.451582 2.925548
28.201159 3.358288
28.451582 2.925548
28.070637 3.638746
28.323410 3.445621
28.101347 3.283889
28.240068 3.434702
28.131729 2.983178
28.684153 3.700343
28.284283 2.962790
28.695532 3.135843
28.202997 3.704450
28.276588 3.525060
27.986855 3.226350
28.059799 3.479143
27.972748 3.281101
28.059799 3.479143
28.210125 3.291773
28.374718 3.751066
28.194118 3.069901
28.736141 3.033471
28.053410 3.315792
28.278353 3.139643
