30.799366 3.438035
29.344820 3.401413
21.460848 2.659922
28.119806 3.001375
32.006866 3.156761
32.113640 1.226628
25.770573 3.153063
20.322836 2.334886
31.274975 6.173061
31.593843 2.736557
17.907650 2.337781
28.219429 2.227637
25.748924 3.165905
24.300526 3.326028
30.747313 9.551617
25.765045 3.156506
31.993137 9.244625
18.277641 2.143640
29.351395 3.396189
25.753565 3.163653
25.775906 3.147086
25.755116 3.162991
33.075794 4.189362
18.862421 3.659301
25.801535 3.126988
25.751677 3.161991
17.610756 2.443769
25.764919 3.157487
25.763081 3.157493
30.225946 8.768918
25.775589 3.149245
25.743456 3.169760
30.563137 1.819861
23.628149 2.512516
21.295591 3.033883
33.125237 2.072189
24.897404 3.267379
25.987986 2.548453
25.766714 3.156148
27.310942 3.595522
25.758627 3.159195
25.759943 3.157652
26.938253 2.724376
25.757938 3.160049
25.488811 2.405254
31.584719 2.740510
30.778431 3.421685
25.747595 3.165543
25.747007 3.167598
30.214870 8.765865
25.748758 3.165640
17.631998 2.424562
28.934814 2.647930
27.165915 3.612145
24.298290 3.326718
30.709482 8.715153
25.753269 3.162570
33.337772 2.615529
21.304100 3.029578
25.772762 3.150252
24.309185 3.320568
25.769764 3.153777
20.878962 2.277817
30.544497 5.396484
32.102242 1.237570
25.765045 3.156506
25.983253 2.545727
21.477501 2.655279
30.544497 5.396484
29.322927 3.420839
30.253809 5.923766
25.749241 3.167088
25.777830 3.144922
33.090553 4.197378
18.780489 2.698730
25.981823 2.549045
19.470205 1.912219
25.753988 3.163144
28.906515 2.651860
25.780693 3.143887
31.584719 2.740510
29.351395 3.396189
25.750463 3.166306
24.364552 2.787706
25.778185 3.146468
25.766138 3.156004
25.757938 3.160049
25.969013 2.551726
25.764887 3.154991
25.758627 3.159195
27.941471 2.906783
18.020437 1.470973
25.753269 3.162570
18.835457 3.685711
25.743456 3.169760
30.245440 5.930852
25.740986 3.170947
30.766100 3.407869
25.768484 3.152455
18.066265 3.683602
25.762951 3.158045
25.768862 3.152731
17.878431 2.352347
26.969273 2.719596
25.762541 3.156553
28.090092 3.026938
20.843714 2.264288
30.574541 1.821694
27.324602 3.610259
25.766714 3.156148
25.773531 3.152412
25.742250 3.172673
25.755116 3.162991
30.574541 1.821694
25.764423 3.155814
21.286537 3.036258
29.351395 3.396189
31.378571 6.174556
25.781750 3.141710
25.760489 3.160326
25.601765 2.898654
21.312304 3.027760
27.938049 2.907880
25.749420 3.167113
25.764919 3.157487
27.310942 3.595522
19.884598 3.730999
25.788662 3.136992
25.981823 2.549045
20.276987 2.339003
19.080439 2.349998
21.302359 3.031643
27.317320 3.601329
25.783640 3.138509
25.788366 3.138093
21.467047 2.656714
29.330517 3.413906
25.768862 3.152731
25.979242 2.545732
25.754225 3.161098
17.600622 2.448144
17.606771 2.446579
25.773100 3.150146
29.346163 3.400746
33.099701 4.206645
18.850082 3.671195
25.777830 3.144922
25.758371 3.159575
17.611591 2.441601
27.938049 2.907880
31.436049 6.349865
25.765045 3.156506
25.757938 3.160049
22.485247 3.787063
31.436049 6.349865
25.702320 3.565564
30.272070 8.112750
17.605522 2.446913
25.759874 3.158639
25.784935 3.140038
17.990858 1.236410
30.152821 1.349332
21.297823 3.031727
25.784935 3.140038
25.764887 3.154991
27.377363 3.534160
29.544298 2.106810
30.281397 8.111583
17.904318 2.341423
25.753637 3.161389
33.271637 1.172480
25.765907 3.154894
33.271637 1.172480
25.757938 3.160049
26.963446 2.722210
24.897404 3.267379
25.756651 3.161690
30.769478 3.413728
25.788662 3.136992
25.752960 3.163531
25.762003 3.156515
27.307755 3.592260
31.443302 4.767732
30.537424 8.642372
25.778185 3.146468
31.115791 5.292305
24.890221 3.272894
27.866774 3.224591
31.064621 3.917474
21.311281 3.027536
30.263657 8.114417
17.905397 2.676210
28.915590 2.650446
18.846905 3.677327
33.271637 1.172480
25.755217 3.162466
29.342226 3.403751
30.776972 3.418998
23.628149 2.512516
21.595884 3.938477
31.043901 5.017140
25.764423 3.155814
33.091499 4.198894
18.035889 2.965013
28.079300 3.034410
25.765209 3.156066
27.429766 2.768996
21.286537 3.036258
17.904318 2.341423
26.742699 2.277152
25.780117 3.145402
25.756784 3.159882
21.299795 3.032300
25.769764 3.153777
17.611605 2.439465
25.224678 3.555614
25.757164 3.161258
17.628117 2.431204
25.766714 3.156148
25.750463 3.166306
25.770290 3.152836
31.086857 3.923110
22.500614 3.790484
25.972084 2.551729
25.984825 2.549839
25.780020 3.144827
27.941471 2.906783
29.528578 2.109297
18.016989 1.470170
25.768862 3.152731
25.755217 3.162466
25.783190 3.140509
19.912565 3.751755
25.745981 3.166892
21.673666 2.620814
29.351458 3.394068
32.953064 3.187325
31.993137 9.244625
25.783640 3.138509
30.747313 9.551617
19.891010 3.736207
25.765045 3.156506
30.799366 3.438035
30.778004 3.420094
25.753595 3.164991
30.231174 8.769894
25.752241 3.165760
23.010735 3.636180
27.428337 2.768971
33.125237 2.072189
33.132645 2.065465
25.743456 3.169760
24.358919 2.788709
21.734766 2.276030
21.295591 3.033883
25.748758 3.165640
25.771257 3.152782
30.235764 8.771309
30.123407 1.344951
25.753595 3.164991
31.436049 6.349865
27.939318 2.906234
30.778219 3.420584
30.544497 5.396484
33.151646 2.051890
30.804893 3.440095
25.764799 3.156218
20.322836 2.334886
25.796701 3.130616
25.751272 3.165354
21.312304 3.027760
21.323196 3.022291
25.753565 3.163653
28.093992 3.021691
30.551458 4.370862
25.764933 3.153850
25.751501 3.165037
18.870605 3.651280
18.252754 2.156772
25.757938 3.160049
17.907650 2.337781
25.972040 2.548027
30.563137 1.819861
31.372925 1.648035
30.569485 5.393222
30.771202 3.415349
18.277641 2.143640
28.093992 3.021691
31.648308 7.427964
25.751272 3.165354
26.725742 2.286585
27.866774 3.224591
33.261967 1.164068
25.751501 3.165037
25.748924 3.165905
29.340557 3.406403
21.266844 3.043253
25.781750 3.141710
25.972084 2.551729
27.866774 3.224591
25.767462 3.153118
25.762003 3.156515
20.878962 2.277817
27.429766 2.768996
30.575243 5.392123
25.771275 3.149426
32.129211 3.496342
27.019224 3.619834
25.774897 3.147165
30.799366 3.438035
30.703285 8.712246
24.364552 2.787706
25.753637 3.161389
25.765907 3.154894
25.747595 3.165543
30.552694 1.816690
33.099701 4.206645
25.768484 3.152455
25.751272 3.165354
26.725742 2.286585
25.764919 3.157487
25.767462 3.153118
25.781750 3.141710
25.761875 3.155686
27.949896 2.906314
25.764799 3.156218
29.524408 2.108227
25.774897 3.147165
25.739393 3.171804
17.617571 2.435530
21.318338 3.024704
25.761189 3.160000
25.761284 3.157860
25.744936 3.169400
25.796030 3.131373
30.574541 1.821694
25.784935 3.140038
25.760677 3.157861
30.756001 8.184608
25.981823 2.549045
25.759874 3.158639
30.776972 3.418998
25.968258 2.552688
25.759943 3.157652
25.772491 3.147231
25.796642 3.129140
31.315481 3.823321
30.552317 4.370991
18.852785 3.670835
25.770573 3.153063
31.592499 2.735449
25.750463 3.166306
25.731655 3.177657
30.574541 1.821694
21.460848 2.659922
19.080439 2.349998
25.752815 3.163684
21.321997 3.023629
18.871443 3.651205
21.312304 3.027760
31.115747 5.291074
33.271637 1.172480
25.739393 3.171804
25.748758 3.165640
20.838671 2.263162
30.679834 8.708728
29.344427 3.402552
25.762024 3.159372
21.613649 3.953774
21.460848 2.659922
30.678553 8.708292
17.635248 2.423599
25.761284 3.157860
27.946045 2.907373
30.536036 4.360981
25.753637 3.161389
30.152821 1.349332
18.858850 3.663277
29.334621 3.410130
25.228565 3.556212
19.884598 3.730999
30.575243 5.392123
25.747595 3.165543
25.759739 3.160738
25.758627 3.159195
21.467047 2.656714
30.980276 6.766986
30.225946 8.768918
17.881964 2.350458
25.753902 3.164629
31.436049 6.349865
25.753637 3.161389
30.641417 9.064885
30.690460 8.710428
20.322836 2.334886
29.454880 2.434221
17.922546 2.330751
25.751751 3.161720
31.359795 1.645423
25.731655 3.177657
30.766100 3.407869
30.982540 6.766193
25.753269 3.162570
31.086857 3.923110
25.748924 3.165905
25.738985 3.171793
30.958925 3.583081
27.941471 2.906783
29.341505 3.404532
30.602396 9.063739
25.768269 3.150886
25.789719 3.135777
25.744936 3.169400
28.930447 2.646994
33.265884 1.168178
27.315231 3.598515
31.436049 6.349865
30.954699 3.581607
25.757938 3.160049
31.286438 6.163018
28.938183 2.645740
25.750013 3.166117
25.757925 3.162980
30.546246 1.815824
25.736658 3.174467
25.745981 3.166892
20.867270 2.273262
31.435326 9.153592
25.790102 3.134653
32.014301 3.152748
32.139172 3.491353
21.312304 3.027760
25.764933 3.153850
30.954699 3.581607
25.800756 3.129329
29.550808 2.105733
30.618502 9.063928
30.544497 5.396484
30.246725 5.929800
25.748924 3.165905
32.024937 2.999295
33.132000 2.065880
25.731655 3.177657
25.753637 3.161389
18.852785 3.670835
20.309885 2.337433
25.440426 2.572820
26.742699 2.277152
25.743469 3.169688
31.427799 9.153810
25.774897 3.147165
30.679834 8.708728
32.139172 3.491353
27.874750 3.222367
25.751677 3.161991
31.388943 6.189629
26.727692 2.286198
25.765045 3.156506
30.686741 8.708224
31.427799 9.153810
32.107410 1.232342
27.938049 2.907880
21.293846 3.033881
32.129211 3.496342
30.618502 9.063928
30.769478 3.413728
25.750013 3.166117
33.259933 1.162970
27.170565 3.612868
29.348753 3.400011
25.744936 3.169400
31.869816 3.579150
25.755217 3.162466
25.759943 3.157652
25.774897 3.147165
27.866774 3.224591
25.224678 3.555614
25.765907 3.154894
31.648308 7.427964
25.756784 3.159882
29.355858 3.390234
30.954699 3.581607
33.259933 1.162970
25.972084 2.551729
22.998962 3.641931
28.936054 2.646255
32.114647 1.224929
26.974501 2.719232
24.794331 3.143285
17.920643 2.332675
25.601765 2.898654
31.961670 2.010333
25.757925 3.162980
30.681868 8.710188
30.573999 5.390936
30.799366 3.438035
29.333328 3.411474
25.753269 3.162570
33.125237 2.072189
21.306885 3.030263
25.759874 3.158639
17.613966 2.438208
30.747313 9.551617
25.781103 3.142146
18.277893 2.143836
25.731655 3.177657
31.381136 1.649198
27.941471 2.906783
17.919081 2.332202
30.594921 9.065672
31.381533 6.178546
25.753595 3.164991
21.695431 2.615693
26.725742 2.286585
30.501318 8.629750
17.915100 2.333117
31.436049 6.349865
25.755819 3.162609
25.758627 3.159195
29.528578 2.109297
25.766138 3.156004
25.801535 3.126988
25.774897 3.147165
30.623402 9.064042
29.340269 3.405635
18.835230 3.685885
25.757164 3.161258
32.982468 3.181214
21.704275 2.616490
24.788078 3.138115
21.440357 2.665904
31.383385 6.183475
25.761189 3.160000
33.259281 1.160634
25.754225 3.161098
21.110790 2.061715
32.114647 1.224929
33.125237 2.072189
30.618502 9.063928
21.695898 2.616368
25.966537 2.547916
28.069155 3.043544
27.866774 3.224591
25.751272 3.165354
20.867270 2.273262
21.311281 3.027536
30.221563 9.775099
29.550808 2.105733
21.298241 3.032948
25.767462 3.153118
20.876348 2.276634
25.743288 3.168779
25.751272 3.165354
25.756247 3.161311
21.323196 3.022291
25.757164 3.161258
25.792118 3.135765
25.764574 3.153686
25.753895 3.161286
30.283678 8.111628
24.364552 2.787706
25.753637 3.161389
33.127060 2.070233
18.870605 3.651280
27.428337 2.768971
25.766714 3.156148
30.763277 8.188218
30.123407 1.344951
25.743456 3.169760
32.129211 3.496342
25.761189 3.160000
26.949795 2.723992
25.753895 3.161286
25.793346 3.132482
25.796030 3.131373
25.731655 3.177657
23.584497 3.583505
25.755217 3.162466
18.277641 2.143640
24.364552 2.787706
30.562981 5.393384
30.575243 5.392123
21.312304 3.027760
21.477501 2.655279
26.943562 2.724039
29.528578 2.109297
27.912533 2.913564
30.780680 3.422107
26.943562 2.724039
25.784504 3.139451
25.748924 3.165905
25.759638 3.159254
25.788366 3.138093
25.757164 3.161258
33.090553 4.197378
17.611147 2.442937
25.759874 3.158639
27.883123 3.220837
31.118364 5.292672
31.383385 6.183475
31.388943 6.189629
31.064621 3.917474
26.680119 2.305181
21.311483 3.027596
32.113640 1.226628
25.757925 3.162980
25.751272 3.165354
28.087074 3.029374
25.780117 3.145402
30.283678 8.111628
25.753595 3.164991
18.852785 3.670835
21.295591 3.033883
21.693298 2.616673
25.748924 3.165905
30.618502 9.063928
25.748924 3.165905
33.132645 2.065465
25.751272 3.165354
25.972040 2.548027
30.272070 8.112750
25.757938 3.160049
29.528578 2.109297
31.869816 3.579150
25.747595 3.165543
25.731655 3.177657
27.318172 3.602466
26.008862 2.543567
18.235012 2.164968
25.772892 3.149283
30.792143 3.430859
25.766714 3.156148
33.147770 2.056657
25.761284 3.157860
30.538380 4.363080
25.746262 3.168941
29.338757 3.405339
30.773291 3.414296
20.653650 1.949762
33.151646 2.051890
25.747007 3.167598
27.429766 2.768996
32.114647 1.224929
25.762003 3.156515
25.753595 3.164991
23.584497 3.583505
30.526871 4.355729
20.322836 2.334886
25.758877 3.160010
30.763277 8.188218
31.648308 7.427964
30.535490 4.362064
25.761189 3.160000
25.801535 3.126988
21.312304 3.027760
28.087074 3.029374
30.147806 1.348169
30.512308 4.346537
30.538380 4.363080
30.773291 3.414296
25.755819 3.162609
25.224678 3.555614
31.413860 6.341081
20.322836 2.334886
25.747595 3.165543
27.874750 3.222367
20.574207 2.770594
30.618502 9.063928
29.342226 3.403751
32.114647 1.224929
25.757938 3.160049
27.941471 2.906783
25.768484 3.152455
30.283878 8.114499
21.673666 2.620814
30.785992 10.098174
21.312304 3.027760
18.021519 1.470950
25.987986 2.548453
21.287567 3.035750
25.747595 3.165543
27.742189 3.161362
17.617826 2.436003
25.747007 3.167598
29.341505 3.404532
32.129211 3.496342
17.613966 2.438208
30.575243 5.392123
17.607868 2.445243
25.756784 3.159882
25.763081 3.157493
25.789719 3.135777
25.987986 2.548453
32.114647 1.224929
31.286438 6.163018
30.552317 4.370991
25.771568 3.149882
25.753902 3.164629
25.751253 3.165938
27.874750 3.222367
25.962318 2.553058
30.217382 9.769816
25.784504 3.139451
27.938511 2.906506
25.774897 3.147165
30.557669 1.817215
25.796701 3.130616
25.601736 2.217616
18.780489 2.698730
31.400095 9.148704
24.359245 2.787444
30.152821 1.349332
17.904318 2.341423
30.578156 5.390149
26.725742 2.286585
21.311483 3.027596
25.766714 3.156148
25.753902 3.164629
25.766691 3.152294
30.595354 9.065287
32.124397 1.215392
31.118364 5.292672
25.762003 3.156515
31.086857 3.923110
27.946045 2.907373
25.749420 3.167113
24.299313 3.325918
25.749022 3.163946
21.312304 3.027760
25.756247 3.161311
23.562759 3.599650
30.563137 1.819861
30.671366 8.706992
25.757164 3.161258
27.379532 3.535094
20.322836 2.334886
25.762024 3.159372
25.750463 3.166306
30.778631 3.421471
26.944122 2.724263
31.314243 3.823900
30.546246 1.815824
25.765907 3.154894
30.131100 1.345498
25.765045 3.156506
25.972084 2.551729
25.769594 3.152468
33.090553 4.197378
17.613258 2.441845
20.276987 2.339003
25.762024 3.159372
30.777889 3.420255
32.150810 3.485093
25.773579 3.147691
21.285841 3.037541
27.378572 3.534937
25.756651 3.161690
31.435326 9.153592
17.647362 2.416361
25.747595 3.165543
25.731655 3.177657
30.773291 3.414296
25.753902 3.164629
30.218082 8.766914
25.753595 3.164991
25.748009 3.166463
25.780020 3.144827
25.760489 3.160326
31.115747 5.291074
25.768862 3.152731
25.773697 3.145891
25.766691 3.152294
25.788662 3.136992
25.771568 3.149882
30.604553 9.063532
31.957584 9.233661
25.789719 3.135777
17.635954 2.422321
17.611147 2.442937
30.521795 4.351132
18.066265 3.683602
30.737160 9.551157
24.359245 2.787444
25.796642 3.129140
30.542015 1.813828
25.788366 3.138093
25.753595 3.164991
31.383385 6.183475
30.677696 8.707457
25.745981 3.166892
23.562759 3.599650
24.897404 3.267379
18.041376 2.960416
31.381533 6.178546
21.323196 3.022291
19.080439 2.349998
25.753895 3.161286
30.766100 3.407869
20.322836 2.334886
23.587816 3.580703
17.628117 2.431204
25.781750 3.141710
25.422693 2.576316
21.321997 3.023629
21.673666 2.620814
17.636267 2.421109
21.304100 3.029578
25.762003 3.156515
25.759874 3.158639
25.752815 3.163684
31.880083 3.579911
18.279173 2.142052
31.095442 3.925401
21.321997 3.023629
25.761284 3.157860
26.727692 2.286198
30.764462 8.190780
21.669775 2.621871
18.066265 3.683602
17.647362 2.416361
32.006866 3.156761
21.695431 2.615693
25.788662 3.136992
18.269569 2.145913
30.684469 8.709086
25.758877 3.160010
31.993137 9.244625
28.067354 3.045117
25.757925 3.162980
27.938049 2.907880
21.290211 3.035754
32.124397 1.215392
17.906883 2.339916
25.758877 3.160010
29.524408 2.108227
29.344700 3.401245
21.302359 3.031643
25.771568 3.149882
30.617735 5.384291
29.526608 2.107842
25.747595 3.165543
27.881943 3.221224
29.550808 2.105733
25.772892 3.149283
25.767462 3.153118
31.427799 9.153810
27.376440 3.176922
18.066265 3.683602
19.891010 3.736207
29.334621 3.410130
30.546246 1.815824
25.793346 3.132482
25.753895 3.161286
32.107422 1.235175
30.781504 3.423395
25.756784 3.159882
25.757164 3.161258
30.573999 5.390936
25.757938 3.160049
31.293041 6.156118
18.852785 3.670835
24.364552 2.787706
30.852575 1.185739
21.311483 3.027596
30.781504 3.423395
25.773531 3.152412
28.067354 3.045117
28.935148 2.646610
31.584719 2.740510
25.757925 3.162980
18.066265 3.683602
30.687500 8.707590
25.763081 3.157493
30.795198 3.431025
25.747595 3.165543
25.775223 3.147535
25.987986 2.548453
30.986153 6.765632
27.881943 3.221224
30.963320 3.588493
17.621367 2.432330
25.752241 3.165760
29.349367 3.397275
25.796030 3.131373
23.562759 3.599650
25.749022 3.163946
30.804893 3.440095
25.762541 3.156553
25.751751 3.161720
30.538410 4.362739
17.605522 2.446913
18.835230 3.685885
25.755217 3.162466
31.320225 3.822139
20.876348 2.276634
31.316885 3.823307
30.764597 8.189612
25.749420 3.167113
25.789719 3.135777
25.764887 3.154991
25.775223 3.147535
25.755819 3.162609
30.165600 3.691654
25.765209 3.156066
30.671366 8.706992
30.546246 1.815824
26.008862 2.543567
25.780117 3.145402
30.521795 4.351132
25.765907 3.154894
21.312304 3.027760
25.768484 3.152455
26.969273 2.719596
26.725742 2.286585
25.760677 3.157861
25.752960 3.163531
25.756651 3.161690
31.591871 2.733739
30.225946 8.768918
24.309185 3.320568
25.771568 3.149882
30.709482 8.715153
25.748009 3.166463
21.475075 2.654453
25.755819 3.162609
25.766691 3.152294
25.758627 3.159195
25.767462 3.153118
20.867270 2.273262
25.422693 2.576316
28.898390 2.652983
25.753197 3.163678
25.761284 3.157860
30.763277 8.188218
25.753595 3.164991
30.766100 3.407869
21.318338 3.024704
25.759943 3.157652
31.315481 3.823321
32.018635 3.151523
21.673666 2.620814
27.171658 3.612239
25.766714 3.156148
25.772491 3.147231
30.712160 8.713352
25.602057 2.217306
24.634007 3.317400
30.804893 3.440095
30.799366 3.438035
25.761284 3.157860
25.739393 3.171804
30.258707 8.116702
29.355858 3.390234
25.175564 3.552352
17.878431 2.352347
25.781750 3.141710
30.671366 8.706992
25.753902 3.164629
25.753637 3.161389
32.124397 1.215392
25.762003 3.156515
25.756638 3.161688
33.132645 2.065465
25.756784 3.159882
25.751501 3.165037
17.635954 2.422321
25.753902 3.164629
25.982864 2.549614
25.758322 3.158623
31.842606 3.576699
30.681868 8.710188
30.272881 8.112439
17.922546 2.330751
27.874750 3.222367
28.087074 3.029374
30.618502 9.063928
25.762024 3.159372
33.266590 1.169077
30.231174 8.769894
31.880083 3.579911
20.843714 2.264288
31.873714 3.579050
31.435326 9.153592
30.690460 8.710428
25.739393 3.171804
33.266590 1.169077
25.612257 2.895255
25.772892 3.149283
25.756247 3.161311
25.753637 3.161389
25.749022 3.163946
30.710722 8.713701
30.763277 8.188218
30.549065 4.368891
25.747595 3.165543
28.067354 3.045117
25.753902 3.164629
30.145102 3.674675
25.972084 2.551729
25.763081 3.157493
25.769396 3.152470
25.601736 2.217616
30.542015 1.813828
25.231123 3.556410
29.351458 3.394068
30.778219 3.420584
28.077909 3.037097
33.269054 1.168989
29.351458 3.394068
19.080439 2.349998
25.756784 3.159882
28.939674 2.645378
21.312304 3.027760
30.773291 3.414296
29.528578 2.109297
19.080439 2.349998
18.852785 3.670835
25.753902 3.164629
25.751253 3.165938
25.758322 3.158623
17.605522 2.446913
21.304100 3.029578
30.671366 8.706992
30.966660 3.590591
30.588203 9.065181
25.733006 3.178094
24.364552 2.787706
30.776972 3.418998
25.781750 3.141710
20.322836 2.334886
19.912565 3.751755
25.777830 3.144922
25.761284 3.157860
31.569273 2.743081
25.749420 3.167113
25.788366 3.138093
29.344700 3.401245
23.562759 3.599650
32.014301 3.152748
28.834204 2.642158
25.769764 3.153777
30.773291 3.414296
25.747595 3.165543
25.796642 3.129140
30.530151 4.357409
25.755819 3.162609
25.764423 3.155814
25.753902 3.164629
25.747595 3.165543
25.743288 3.168779
25.759874 3.158639
23.017586 3.633766
25.748924 3.165905
17.635248 2.423599
31.114977 5.290654
25.757938 3.160049
31.086857 3.923110
30.575243 5.392123
30.771202 3.415349
21.467047 2.656714
25.731655 3.177657
25.801535 3.126988
31.873714 3.579050
28.940966 2.644696
17.607868 2.445243
17.881964 2.350458
31.527994 2.760030
23.578587 3.587490
31.869816 3.579150
25.756651 3.161690
17.636267 2.421109
25.768484 3.152455
30.258707 8.116702
27.938049 2.907880
31.569273 2.743081
25.747595 3.165543
25.702320 3.565564
25.748924 3.165905
30.618502 9.063928
27.429766 2.768996
33.127060 2.070233
30.231117 8.769981
30.578156 5.390149
31.372925 1.648035
25.788662 3.136992
31.425806 9.151114
27.165915 3.612145
30.772936 8.195346
25.758322 3.158623
27.173027 3.612567
25.775223 3.147535
21.299795 3.032300
30.602396 9.063739
30.145456 1.347123
29.351458 3.394068
25.761875 3.155686
31.114977 5.290654
33.265884 1.168178
31.648308 7.427964
25.784935 3.140038
25.758877 3.160010
30.165600 3.691654
25.768322 3.155334
28.067354 3.045117
33.259281 1.160634
32.108700 1.233990
25.744936 3.169400
17.613966 2.438208
30.602396 9.063739
25.758322 3.158623
30.266544 8.113678
30.549065 4.368891
21.613649 3.953774
25.768269 3.150886
25.753902 3.164629
30.804893 3.440095
25.258688 3.557803
29.528578 2.109297
30.546246 1.815824
24.634007 3.317400
25.768484 3.152455
25.761189 3.160000
25.730633 3.178677
26.008862 2.543567
25.984903 2.549719
25.767071 3.153308
25.770290 3.152836
31.372925 1.648035
25.757938 3.160049
25.753902 3.164629
25.767071 3.153308
25.757938 3.160049
25.750013 3.166117
30.521795 4.351132
24.794331 3.143285
30.231174 8.769894
31.880083 3.579911
25.772892 3.149283
25.983582 2.549819
30.225946 8.768918
30.517370 1.805293
25.982864 2.549614
25.995495 2.542848
25.772762 3.150252
27.912533 2.913564
31.115747 5.291074
25.966537 2.547916
30.792585 3.432101
27.912533 2.913564
25.731655 3.177657
21.312304 3.027760
17.915100 2.333117
30.797346 3.436719
25.746262 3.168941
31.132826 5.297258
25.602057 2.217306
30.778431 3.421685
30.574541 1.821694
18.277641 2.143640
25.774897 3.147165
25.757925 3.162980
25.745611 3.169065
27.317320 3.601329
30.608572 9.064074
28.087074 3.029374
32.124397 1.215392
25.764933 3.153850
25.753595 3.164991
25.748924 3.165905
25.749022 3.163946
31.114977 5.290654
17.988241 1.450285
30.521795 4.351132
28.935148 2.646610
25.753895 3.161286
29.319237 3.422737
25.751677 3.161991
25.766714 3.156148
25.488811 2.405254
25.772762 3.150252
25.801535 3.126988
25.756651 3.161690
25.702320 3.565564
29.344700 3.401245
33.271637 1.172480
21.671125 2.620788
17.613258 2.441845
25.601736 2.217616
17.613966 2.438208
30.542015 1.813828
25.761284 3.157860
25.759943 3.157652
25.601736 2.217616
31.592567 2.734712
31.864971 3.578446
30.602396 9.063739
21.318338 3.024704
28.087074 3.029374
32.150810 3.485093
32.150810 3.485093
25.745611 3.169065
30.747313 9.551617
25.753902 3.164629
25.983582 2.549819
31.115791 5.292305
29.351395 3.396189
31.314243 3.823900
30.773291 3.414296
30.537424 8.642372
25.753895 3.161286
25.496567 2.404840
25.772491 3.147231
25.766691 3.152294
30.718483 8.717142
24.634007 3.317400
23.562759 3.599650
27.310942 3.595522
24.364552 2.787706
31.383385 6.183475
25.762003 3.156515
18.852785 3.670835
18.269569 2.145913
28.225685 2.230386
28.087074 3.029374
27.939318 2.906234
25.772491 3.147231
29.351458 3.394068
24.364552 2.787706
25.753595 3.164991
24.788078 3.138115
33.099701 4.206645
30.778431 3.421685
17.636267 2.421109
22.676945 2.864621
31.648308 7.427964
25.801535 3.126988
25.745981 3.166892
25.757925 3.162980
25.790102 3.134653
25.747007 3.167598
18.869617 3.653428
30.671366 8.706992
25.788662 3.136992
30.763277 8.188218
31.880083 3.579911
25.746262 3.168941
29.528578 2.109297
25.781750 3.141710
21.312304 3.027760
31.869816 3.579150
25.751272 3.165354
18.277641 2.143640
25.751751 3.161720
25.789719 3.135777
21.312304 3.027760
21.460848 2.659922
21.673666 2.620814
25.753895 3.161286
25.769396 3.152470
33.088634 4.195552
25.761189 3.160000
30.569485 5.393222
20.876348 2.276634
25.788662 3.136992
18.274027 2.144593
31.402205 3.343496
25.743288 3.168779
22.482185 3.786621
21.460848 2.659922
21.295591 3.033883
25.761284 3.157860
30.574541 1.821694
30.542015 1.813828
21.440357 2.665904
25.775223 3.147535
25.764574 3.153686
27.173836 3.613903
25.745981 3.166892
30.575243 5.392123
25.751677 3.161991
25.753269 3.162570
31.315481 3.823321
17.613258 2.441845
25.796701 3.130616
31.851643 3.576912
25.753895 3.161286
25.748924 3.165905
29.524408 2.108227
27.165915 3.612145
33.272522 1.172024
25.765907 3.154894
25.765045 3.156506
25.781750 3.141710
17.906883 2.339916
18.870605 3.651280
25.752241 3.165760
25.756784 3.159882
25.751501 3.165037
17.613966 2.438208
21.304100 3.029578
32.108700 1.233990
17.636267 2.421109
25.749022 3.163946
25.747595 3.165543
25.772491 3.147231
25.775223 3.147535
25.788662 3.136992
25.759874 3.158639
26.725742 2.286585
25.602057 2.217306
25.796642 3.129140
25.751253 3.165938
28.928520 2.648359
25.751253 3.165938
29.526608 2.107842
24.299313 3.325918
17.636267 2.421109
30.563137 1.819861
25.758627 3.159195
30.723375 8.716452
31.114977 5.290654
25.796642 3.129140
27.318172 3.602466
33.259281 1.160634
30.594921 9.065672
25.982864 2.549614
25.747595 3.165543
25.748924 3.165905
28.079300 3.034410
30.145456 1.347123
25.781103 3.142146
29.526608 2.107842
30.804893 3.440095
30.546246 1.815824
25.755217 3.162466
27.377363 3.534160
17.647362 2.416361
29.351395 3.396189
27.874750 3.222367
32.114647 1.224929
25.748924 3.165905
25.792118 3.135765
30.616547 9.064830
25.771275 3.149426
28.898390 2.652983
31.114977 5.290654
21.297823 3.031727
27.378572 3.534937
30.621023 9.064104
25.754225 3.161098
21.302359 3.031643
30.573999 5.390936
25.601736 2.217616
25.766714 3.156148
30.773291 3.414296
29.528578 2.109297
25.763081 3.157493
23.562759 3.599650
21.318338 3.024704
31.993137 9.244625
26.008862 2.543567
33.271637 1.172480
17.617571 2.435530
25.753595 3.164991
25.733006 3.178094
24.364552 2.787706
25.762003 3.156515
25.756784 3.159882
26.008862 2.543567
25.784504 3.139451
27.378450 3.534760
21.613649 3.953774
25.765045 3.156506
25.601736 2.217616
31.842606 3.576699
30.986153 6.765632
25.761284 3.157860
25.731655 3.177657
31.427799 9.153810
20.322836 2.334886
27.866774 3.224591
25.753902 3.164629
27.925905 2.909999
27.378450 3.534760
21.304100 3.029578
18.852785 3.670835
25.736053 3.174266
21.079561 3.960091
25.753637 3.161389
27.310942 3.595522
30.549065 4.368891
27.165915 3.612145
30.266544 8.113678
29.342226 3.403751
18.835230 3.685885
25.788662 3.136992
25.788662 3.136992
25.731655 3.177657
25.762003 3.156515
25.753902 3.164629
24.299313 3.325918
25.783640 3.138509
20.843714 2.264288
31.293041 6.156118
30.671366 8.706992
21.440357 2.665904
25.228565 3.556212
29.342226 3.403751
25.983582 2.549819
21.333508 2.208943
25.783640 3.138509
30.258707 8.116702
31.592499 2.735449
17.881964 2.350458
30.246725 5.929800
31.114977 5.290654
25.777830 3.144922
30.773291 3.414296
31.381533 6.178546
27.946045 2.907373
27.211035 3.434084
25.790102 3.134653
30.235764 8.771309
17.635248 2.423599
25.748924 3.165905
25.753595 3.164991
25.753595 3.164991
25.751751 3.161720
20.867270 2.273262
30.552317 4.370991
25.753595 3.164991
25.753269 3.162570
25.753895 3.161286
25.788662 3.136992
25.753895 3.161286
25.757164 3.161258
25.771275 3.149426
30.552317 4.370991
28.930447 2.646994
25.751272 3.165354
20.322836 2.334886
30.595354 9.065287
31.851643 3.576912
17.613966 2.438208
18.066265 3.683602
31.381533 6.178546
17.635248 2.423599
29.344700 3.401245
20.843714 2.264288
25.762003 3.156515
17.635248 2.423599
30.616547 9.064830
25.981823 2.549045
18.277641 2.143640
27.925905 2.909999
18.870605 3.651280
32.139172 3.491353
25.788662 3.136992
25.768484 3.152455
24.299313 3.325918
31.293041 6.156118
27.938049 2.907880
25.772762 3.150252
30.231174 8.769894
25.765907 3.154894
25.768322 3.155334
30.799574 3.437788
30.671366 8.706992
25.422693 2.576316
20.322836 2.334886
31.402205 3.343496
30.545105 1.813928
25.757177 3.160724
32.100048 1.244607
30.677696 8.707457
27.912533 2.913564
22.676945 2.864621
31.880083 3.579911
29.341505 3.404532
20.876348 2.276634
25.753595 3.164991
30.570446 5.391564
25.767462 3.153118
29.344700 3.401245
25.764933 3.153850
30.763277 8.188218
24.897404 3.267379
25.738985 3.171793
25.743288 3.168779
21.475075 2.654453
21.680513 2.619850
25.762003 3.156515
30.578156 5.390149
31.317116 3.823596
29.341316 3.403888
31.869816 3.579150
21.286537 3.036258
30.546246 1.815824
29.351395 3.396189
30.530151 4.357409
25.792118 3.135765
28.087074 3.029374
24.299313 3.325918
30.145456 1.347123
25.783640 3.138509
24.368214 2.786529
25.744936 3.169400
25.759874 3.158639
21.595884 3.938477
25.775223 3.147535
30.537424 8.642372
25.753902 3.164629
29.355858 3.390234
32.102242 1.237570
31.436049 6.349865
30.221563 9.775099
30.245440 5.930852
25.751751 3.161720
21.477501 2.655279
25.781103 3.142146
25.796642 3.129140
31.403248 6.200205
30.546246 1.815824
31.274975 6.173061
25.757938 3.160049
25.736053 3.174266
31.851643 3.576912
25.702320 3.565564
25.761189 3.160000
29.526608 2.107842
25.753895 3.161286
25.764933 3.153850
27.379532 3.535094
26.964235 2.722778
25.744936 3.169400
17.600622 2.448144
27.866774 3.224591
25.764708 3.155565
21.312304 3.027760
27.866774 3.224591
30.542015 1.813828
25.767462 3.153118
30.639700 9.064407
20.843714 2.264288
30.245440 5.930852
25.756651 3.161690
25.764919 3.157487
30.145456 1.347123
28.087074 3.029374
31.115791 5.292305
21.440357 2.665904
25.757938 3.160049
31.286438 6.163018
30.773291 3.414296
32.100048 1.244607
23.562759 3.599650
30.618502 9.063928
25.983582 2.549819
25.775223 3.147535
17.647362 2.416361
25.747595 3.165543
21.286537 3.036258
30.677696 8.707457
30.778431 3.421685
29.344700 3.401245
32.095043 1.244501
30.537424 8.642372
25.752241 3.165760
29.340557 3.406403
25.422693 2.576316
29.341505 3.404532
29.340557 3.406403
25.762003 3.156515
30.747313 9.551617
26.008862 2.543567
21.312304 3.027760
25.764919 3.157487
33.075794 4.189362
30.804893 3.440095
30.542015 1.813828
25.766714 3.156148
30.786449 3.425610
25.753902 3.164629
25.756651 3.161690
33.265884 1.168178
25.753895 3.161286
25.750013 3.166117
30.773291 3.414296
26.680119 2.305181
25.783640 3.138509
25.756247 3.161311
30.690460 8.710428
31.648308 7.427964
30.537424 8.642372
25.759638 3.159254
25.995495 2.542848
25.764423 3.155814
29.330517 3.413906
30.575243 5.392123
22.998962 3.641931
31.402205 3.343496
25.751501 3.165037
27.165915 3.612145
30.594921 9.065672
25.738985 3.171793
29.340557 3.406403
25.788662 3.136992
25.753637 3.161389
26.014954 2.537379
25.772892 3.149283
21.312304 3.027760
25.739393 3.171804
27.318172 3.602466
25.743456 3.169760
32.114647 1.224929
30.982540 6.766193
25.796642 3.129140
17.613258 2.441845
32.124397 1.215392
31.372925 1.648035
30.221563 9.775099
17.613966 2.438208
25.756638 3.161688
33.088634 4.195552
26.969273 2.719596
30.521795 4.351132
25.972084 2.551729
25.750013 3.166117
18.076723 3.685806
25.748924 3.165905
26.969273 2.719596
25.756784 3.159882
27.925905 2.909999
25.731655 3.177657
25.601736 2.217616
25.759638 3.159254
29.341505 3.404532
30.563137 1.819861
25.258688 3.557803
25.753269 3.162570
25.753269 3.162570
30.635012 9.065422
30.773291 3.414296
30.681868 8.710188
25.755116 3.162991
30.574541 1.821694
30.764597 8.189612
19.861921 3.713853
24.364552 2.787706
25.757925 3.162980
27.938049 2.907880
25.731655 3.177657
21.472870 2.654617
25.757164 3.161258
18.252754 2.156772
30.690460 8.710428
25.768484 3.152455
25.771275 3.149426
25.763081 3.157493
31.436049 6.349865
31.402205 3.343496
24.634007 3.317400
25.731655 3.177657
27.171658 3.612239
30.786449 3.425610
25.750013 3.166117
21.460848 2.659922
32.150810 3.485093
33.266590 1.169077
25.753595 3.164991
25.751677 3.161991
25.488811 2.405254
23.584497 3.583505
30.266544 8.113678
26.961721 2.722954
25.422693 2.576316
25.751501 3.165037
25.753637 3.161389
29.528578 2.109297
21.460848 2.659922
25.768322 3.155334
25.753902 3.164629
25.743288 3.168779
31.427799 9.153810
33.075794 4.189362
27.938049 2.907880
25.757938 3.160049
25.761189 3.160000
21.475075 2.654453
28.087074 3.029374
21.304100 3.029578
31.400095 9.148704
27.429766 2.768996
30.123407 1.344951
27.874750 3.222367
30.773291 3.414296
21.680513 2.619850
25.758371 3.159575
25.766714 3.156148
25.753595 3.164991
30.797346 3.436719
25.966537 2.547916
25.751751 3.161720
31.359795 1.645423
25.962318 2.553058
30.231117 8.769981
25.756247 3.161311
25.743288 3.168779
25.748924 3.165905
25.758627 3.159195
26.008862 2.543567
25.796642 3.129140
18.076723 3.685806
25.747007 3.167598
21.477501 2.655279
25.764423 3.155814
25.759874 3.158639
17.647362 2.416361
29.334621 3.410130
25.736053 3.174266
22.998962 3.641931
31.869816 3.579150
28.079300 3.034410
27.874750 3.222367
25.761189 3.160000
20.876348 2.276634
31.880083 3.579911
30.763277 8.188218
25.753902 3.164629
25.772892 3.149283
30.747313 9.551617
30.671366 8.706992
25.764933 3.153850
30.552317 4.370991
30.954699 3.581607
25.743288 3.168779
30.747313 9.551617
17.613258 2.441845
25.752241 3.165760
25.791456 3.134168
25.753269 3.162570
31.869816 3.579150
30.677696 8.707457
30.684469 8.709086
25.981823 2.549045
28.067354 3.045117
28.067354 3.045117
25.781750 3.141710
30.773291 3.414296
21.704275 2.616490
30.781504 3.423395
30.546246 1.815824
18.852785 3.670835
33.091499 4.198894
27.318172 3.602466
30.546246 1.815824
26.944122 2.724263
25.754225 3.161098
25.784935 3.140038
25.751501 3.165037
21.286537 3.036258
30.804893 3.440095
32.129211 3.496342
21.440357 2.665904
18.835230 3.685885
21.311483 3.027596
25.768269 3.150886
25.440426 2.572820
25.781750 3.141710
31.648308 7.427964
25.228565 3.556212
30.147806 1.348169
25.752241 3.165760
17.613966 2.438208
25.762003 3.156515
20.322836 2.334886
18.277641 2.143640
25.784935 3.140038
25.784935 3.140038
25.791456 3.134168
25.756784 3.159882
29.338757 3.405339
23.562759 3.599650
30.512308 4.346537
25.731655 3.177657
28.087074 3.029374
31.583191 2.738392
25.745611 3.169065
25.753595 3.164991
25.761875 3.155686
25.753595 3.164991
30.677696 8.707457
25.749022 3.163946
30.618502 9.063928
25.759874 3.158639
30.245440 5.930852
25.747595 3.165543
29.544298 2.106810
27.377363 3.534160
29.334621 3.410130
25.972084 2.551729
21.440357 2.665904
25.749022 3.163946
31.315481 3.823321
18.277893 2.143836
21.311281 3.027536
25.758322 3.158623
30.537424 8.642372
21.695431 2.615693
25.780020 3.144827
25.753269 3.162570
30.769478 3.413728
27.941471 2.906783
25.983582 2.549819
21.302359 3.031643
30.806147 10.090836
26.014954 2.537379
29.344700 3.401245
17.636267 2.421109
25.796701 3.130616
32.124397 1.215392
25.740986 3.170947
21.321997 3.023629
27.318172 3.602466
29.338757 3.405339
30.776972 3.418998
25.753269 3.162570
25.774897 3.147165
21.613649 3.953774
25.972084 2.551729
29.355858 3.390234
30.546246 1.815824
17.647362 2.416361
25.743456 3.169760
25.753902 3.164629
21.302359 3.031643
25.753595 3.164991
21.467047 2.656714
25.745981 3.166892
21.440357 2.665904
30.671366 8.706992
25.801535 3.126988
29.345442 3.399201
31.425806 9.151114
30.544497 5.396484
26.008862 2.543567
25.766714 3.156148
28.067354 3.045117
25.789719 3.135777
28.930447 2.646994
21.475075 2.654453
31.114977 5.290654
33.259281 1.160634
31.118364 5.292672
25.762541 3.156553
25.749022 3.163946
25.753895 3.161286
30.258707 8.116702
21.475075 2.654453
25.766714 3.156148
25.751677 3.161991
20.322836 2.334886
25.765209 3.156066
21.312304 3.027760
32.006866 3.156761
21.475075 2.654453
25.753895 3.161286
31.648308 7.427964
33.266590 1.169077
27.318172 3.602466
20.322836 2.334886
25.744936 3.169400
30.709482 8.715153
25.744936 3.169400
25.753902 3.164629
25.753637 3.161389
25.488811 2.405254
25.753595 3.164991
30.537424 8.642372
18.274027 2.144593
25.772892 3.149283
27.173836 3.613903
25.772491 3.147231
29.351458 3.394068
30.145456 1.347123
25.752241 3.165760
31.114977 5.290654
31.317116 3.823596
25.772892 3.149283
26.969273 2.719596
30.773291 3.414296
21.311483 3.027596
32.006866 3.156761
25.783640 3.138509
25.755819 3.162609
25.747007 3.167598
25.748924 3.165905
18.066265 3.683602
18.066265 3.683602
25.769594 3.152468
26.974501 2.719232
25.757925 3.162980
21.460848 2.659922
30.552317 4.370991
25.775223 3.147535
32.014301 3.152748
30.575243 5.392123
21.286537 3.036258
19.080439 2.349998
25.762003 3.156515
25.749022 3.163946
30.737160 9.551157
32.100048 1.244607
31.435326 9.153592
21.460848 2.659922
25.764919 3.157487
30.512308 4.346537
21.695431 2.615693
25.772892 3.149283
30.546246 1.815824
25.751272 3.165354
28.834204 2.642158
31.400095 9.148704
27.866774 3.224591
30.718483 8.717142
25.751677 3.161991
25.982864 2.549614
25.772491 3.147231
21.440357 2.665904
17.636267 2.421109
33.272522 1.172024
31.425806 9.151114
25.788366 3.138093
25.763081 3.157493
25.743288 3.168779
21.311483 3.027596
30.542015 1.813828
30.954699 3.581607
25.744936 3.169400
18.252754 2.156772
31.388943 6.189629
25.796642 3.129140
25.765209 3.156066
29.322927 3.420839
33.125237 2.072189
21.440357 2.665904
25.982864 2.549614
25.753902 3.164629
21.312304 3.027760
21.079561 3.960091
25.759874 3.158639
25.761189 3.160000
31.086857 3.923110
23.562759 3.599650
21.673666 2.620814
25.753269 3.162570
17.613258 2.441845
25.757164 3.161258
29.341505 3.404532
25.792118 3.135765
30.618502 9.063928
29.351395 3.396189
30.608572 9.064074
25.791456 3.134168
25.747007 3.167598
29.341505 3.404532
30.246725 5.929800
25.601765 2.898654
27.938049 2.907880
30.747313 9.551617
29.341505 3.404532
25.743456 3.169760
25.762024 3.159372
25.757164 3.161258
25.744936 3.169400
25.764423 3.155814
30.608572 9.064074
24.364552 2.787706
30.145456 1.347123
25.756784 3.159882
30.545105 1.813928
25.751272 3.165354
25.757938 3.160049
30.538380 4.363080
31.436049 6.349865
21.472870 2.654617
25.759874 3.158639
24.358919 2.788709
18.277893 2.143836
21.475075 2.654453
33.265884 1.168178
18.277893 2.143836
28.087074 3.029374
21.311483 3.027596
26.974501 2.719232
25.747595 3.165543
25.744936 3.169400
26.944122 2.724263
30.538380 4.363080
30.747313 9.551617
